0	3.29117e+22	5.37367e+21	8.78553e+32
1.5552e+08	3.29104e+22	5.37361e+21	8.78615e+32
3.1104e+08	3.29096e+22	5.37359e+21	8.78723e+32
4.6656e+08	3.29092e+22	5.37361e+21	8.78877e+32
6.2208e+08	3.29089e+22	5.37362e+21	8.79074e+32
7.776e+08	3.29081e+22	5.37359e+21	8.79309e+32
9.3312e+08	3.29065e+22	5.37347e+21	8.79577e+32
1.08864e+09	3.29046e+22	5.37331e+21	8.79884e+32
1.24416e+09	3.29028e+22	5.37315e+21	8.80235e+32
1.39968e+09	3.29014e+22	5.37302e+21	8.80633e+32
1.5552e+09	3.29003e+22	5.37292e+21	8.81079e+32
1.71072e+09	3.28995e+22	5.37286e+21	8.81574e+32
1.86624e+09	3.28991e+22	5.37284e+21	8.82118e+32
2.02176e+09	3.2899e+22	5.37285e+21	8.82709e+32
2.17728e+09	3.2899e+22	5.37286e+21	8.83345e+32
2.3328e+09	3.28978e+22	5.37272e+21	8.84007e+32
2.48832e+09	3.28957e+22	5.37246e+21	8.847e+32
2.64384e+09	3.28941e+22	5.37221e+21	8.85438e+32
2.79936e+09	3.28939e+22	5.37199e+21	8.86221e+32
2.95488e+09	3.28943e+22	5.37161e+21	8.87029e+32
3.1104e+09	3.2889e+22	5.37116e+21	8.87872e+32
3.26592e+09	3.28847e+22	5.37096e+21	8.88788e+32
3.42144e+09	3.28821e+22	5.37082e+21	8.89752e+32
3.57696e+09	3.28803e+22	5.37071e+21	8.90761e+32
3.73248e+09	3.28788e+22	5.3706e+21	8.91813e+32
3.888e+09	3.28775e+22	5.3705e+21	8.92906e+32
4.04352e+09	3.28764e+22	5.3704e+21	8.9404e+32
4.19904e+09	3.28754e+22	5.37031e+21	8.95215e+32
4.35456e+09	3.28745e+22	5.37022e+21	8.9643e+32
4.51008e+09	3.28738e+22	5.37013e+21	8.97684e+32
4.6656e+09	3.28733e+22	5.37005e+21	8.98979e+32
4.82112e+09	3.28731e+22	5.36999e+21	9.00313e+32
4.97664e+09	3.28733e+22	5.36995e+21	9.01688e+32
5.13216e+09	3.2874e+22	5.36996e+21	9.03106e+32
5.28768e+09	3.28744e+22	5.37004e+21	9.04569e+32
5.4432e+09	3.28737e+22	5.3701e+21	9.06066e+32
5.59872e+09	3.28721e+22	5.37006e+21	9.07588e+32
5.75424e+09	3.28701e+22	5.36994e+21	9.09134e+32
5.90976e+09	3.28678e+22	5.36977e+21	9.10708e+32
6.06528e+09	3.28654e+22	5.36956e+21	9.12313e+32
6.2208e+09	3.28632e+22	5.36936e+21	9.1395e+32
6.37632e+09	3.28614e+22	5.36918e+21	9.15624e+32
6.53184e+09	3.28603e+22	5.36906e+21	9.17335e+32
6.68736e+09	3.28602e+22	5.36903e+21	9.19088e+32
6.84288e+09	3.28632e+22	5.36923e+21	9.20899e+32
6.9984e+09	3.28998e+22	5.37195e+21	9.23048e+32
7.15392e+09	3.28194e+22	5.36067e+21	9.23505e+32
7.30944e+09	3.2813e+22	5.36056e+21	9.25358e+32
7.46496e+09	3.28103e+22	5.36046e+21	9.27238e+32
7.62048e+09	3.28083e+22	5.36036e+21	9.29141e+32
7.776e+09	3.28066e+22	5.36026e+21	9.31067e+32
7.93152e+09	3.28049e+22	5.36016e+21	9.33012e+32
8.08704e+09	3.28033e+22	5.36007e+21	9.34974e+32
8.24256e+09	3.28018e+22	5.35998e+21	9.36953e+32
8.39808e+09	3.28004e+22	5.3599e+21	9.38945e+32
8.5536e+09	3.27992e+22	5.35983e+21	9.40946e+32
8.70912e+09	3.27981e+22	5.35976e+21	9.42954e+32
8.86464e+09	3.27972e+22	5.35971e+21	9.44964e+32
9.02016e+09	3.27964e+22	5.35967e+21	9.46971e+32
9.17568e+09	3.27958e+22	5.35965e+21	9.48968e+32
9.3312e+09	3.27954e+22	5.35964e+21	9.5095e+32
9.48672e+09	3.27952e+22	5.35965e+21	9.52908e+32
9.64224e+09	3.27953e+22	5.35968e+21	9.54831e+32
9.79776e+09	3.27955e+22	5.35974e+21	9.56709e+32
9.95328e+09	3.27962e+22	5.35984e+21	9.58527e+32
1.01088e+10	3.27972e+22	5.35998e+21	9.60268e+32
1.02643e+10	3.27987e+22	5.36017e+21	9.61909e+32
1.04198e+10	3.28007e+22	5.36041e+21	9.63424e+32
1.05754e+10	3.28035e+22	5.36072e+21	9.6478e+32
1.07309e+10	3.28072e+22	5.36107e+21	9.65937e+32
1.08864e+10	3.28121e+22	5.36137e+21	9.66838e+32
1.10419e+10	3.28152e+22	5.36096e+21	9.67351e+32
1.11974e+10	3.28129e+22	5.36023e+21	9.67497e+32
1.1353e+10	3.28149e+22	5.36127e+21	9.67565e+32
1.15085e+10	3.28178e+22	5.36215e+21	9.67412e+32
1.1664e+10	3.28236e+22	5.36315e+21	9.67362e+32
1.18195e+10	3.28357e+22	5.3649e+21	9.68021e+32
1.1975e+10	3.28573e+22	5.36812e+21	9.70131e+32
1.21306e+10	3.2864e+22	5.3697e+21	9.73704e+32
1.22861e+10	3.28497e+22	5.36828e+21	9.78457e+32
1.24416e+10	3.28399e+22	5.36731e+21	9.843e+32
1.25971e+10	3.28345e+22	5.36683e+21	9.90624e+32
1.27526e+10	3.28311e+22	5.36657e+21	9.96958e+32
1.29082e+10	3.28273e+22	5.36624e+21	1.00305e+33
1.30637e+10	3.28221e+22	5.36571e+21	1.00881e+33
1.32192e+10	3.28166e+22	5.36515e+21	1.01426e+33
1.33747e+10	3.28122e+22	5.36472e+21	1.01946e+33
1.35302e+10	3.28094e+22	5.36447e+21	1.02446e+33
1.36858e+10	3.28079e+22	5.36439e+21	1.02929e+33
1.38413e+10	3.28078e+22	5.36445e+21	1.03399e+33
1.39968e+10	3.28089e+22	5.36464e+21	1.03858e+33
1.41523e+10	3.28112e+22	5.36491e+21	1.04309e+33
1.43078e+10	3.28146e+22	5.3652e+21	1.04751e+33
1.44634e+10	3.28174e+22	5.36515e+21	1.05182e+33
1.46189e+10	3.28089e+22	5.36365e+21	1.05587e+33
1.47744e+10	3.27947e+22	5.3616e+21	1.05981e+33
1.49299e+10	3.27878e+22	5.36087e+21	1.06389e+33
1.50854e+10	3.27863e+22	5.36104e+21	1.06808e+33
1.5241e+10	3.27849e+22	5.36128e+21	1.07226e+33
1.53965e+10	3.2782e+22	5.36129e+21	1.0764e+33
1.5552e+10	3.27792e+22	5.3612e+21	1.08051e+33
1.57075e+10	3.27769e+22	5.36108e+21	1.08461e+33
1.5863e+10	3.27749e+22	5.36096e+21	1.08871e+33
1.60186e+10	3.27732e+22	5.36084e+21	1.0928e+33
1.61741e+10	3.27715e+22	5.36072e+21	1.0969e+33
1.63296e+10	3.27698e+22	5.36059e+21	1.101e+33
1.64851e+10	3.27681e+22	5.36045e+21	1.10511e+33
1.66406e+10	3.27664e+22	5.36031e+21	1.10922e+33
1.67962e+10	3.27648e+22	5.36016e+21	1.11334e+33
1.69517e+10	3.27632e+22	5.36002e+21	1.11747e+33
1.71072e+10	3.27617e+22	5.35989e+21	1.1216e+33
1.72627e+10	3.27602e+22	5.35977e+21	1.12575e+33
1.74182e+10	3.27589e+22	5.35967e+21	1.12992e+33
1.75738e+10	3.27578e+22	5.35961e+21	1.1341e+33
1.77293e+10	3.27572e+22	5.35958e+21	1.1383e+33
1.78848e+10	3.27569e+22	5.3596e+21	1.14252e+33
1.80403e+10	3.27572e+22	5.35967e+21	1.14676e+33
1.81958e+10	3.27579e+22	5.35977e+21	1.15102e+33
1.83514e+10	3.27587e+22	5.35984e+21	1.15529e+33
1.85069e+10	3.27583e+22	5.35975e+21	1.15954e+33
1.86624e+10	3.27555e+22	5.35936e+21	1.16377e+33
1.88179e+10	3.27504e+22	5.35871e+21	1.16796e+33
1.89734e+10	3.27448e+22	5.35803e+21	1.17217e+33
1.9129e+10	3.274e+22	5.35746e+21	1.1764e+33
1.92845e+10	3.27362e+22	5.35703e+21	1.18067e+33
1.944e+10	3.27333e+22	5.35671e+21	1.18498e+33
1.95955e+10	3.27314e+22	5.35649e+21	1.18931e+33
1.9751e+10	3.27304e+22	5.35636e+21	1.19367e+33
1.99066e+10	3.27309e+22	5.35634e+21	1.19806e+33
2.00621e+10	3.27363e+22	5.35664e+21	1.20252e+33
2.02176e+10	3.2856e+22	5.36783e+21	1.20875e+33
2.03731e+10	3.27441e+22	5.35862e+21	1.21171e+33
2.05286e+10	3.27375e+22	5.35817e+21	1.21609e+33
2.06842e+10	3.27353e+22	5.35808e+21	1.22054e+33
2.08397e+10	3.27345e+22	5.35809e+21	1.22503e+33
2.09952e+10	3.2734e+22	5.35808e+21	1.22953e+33
2.11507e+10	3.27323e+22	5.35783e+21	1.234e+33
2.13062e+10	3.27278e+22	5.35715e+21	1.23841e+33
2.14618e+10	3.27212e+22	5.35619e+21	1.24279e+33
2.16173e+10	3.27148e+22	5.35527e+21	1.24719e+33
2.17728e+10	3.27096e+22	5.35456e+21	1.25164e+33
2.19283e+10	3.27058e+22	5.35405e+21	1.25613e+33
2.20838e+10	3.27033e+22	5.3537e+21	1.26067e+33
2.22394e+10	3.27021e+22	5.3535e+21	1.26524e+33
2.23949e+10	3.27024e+22	5.35344e+21	1.26985e+33
2.25504e+10	3.27048e+22	5.35353e+21	1.2745e+33
2.27059e+10	3.27106e+22	5.3537e+21	1.27917e+33
2.28614e+10	3.27149e+22	5.35323e+21	1.28375e+33
2.3017e+10	3.27046e+22	5.35233e+21	1.28827e+33
2.31725e+10	3.26976e+22	5.35251e+21	1.29298e+33
2.3328e+10	3.26919e+22	5.35238e+21	1.29766e+33
2.34835e+10	3.26874e+22	5.35211e+21	1.30232e+33
2.3639e+10	3.26837e+22	5.35185e+21	1.307e+33
2.37946e+10	3.26806e+22	5.3516e+21	1.31169e+33
2.39501e+10	3.2678e+22	5.35137e+21	1.3164e+33
2.41056e+10	3.26757e+22	5.35117e+21	1.32113e+33
2.42611e+10	3.26738e+22	5.35099e+21	1.32587e+33
2.44166e+10	3.26722e+22	5.35084e+21	1.33063e+33
2.45722e+10	3.2671e+22	5.35071e+21	1.3354e+33
2.47277e+10	3.26703e+22	5.35063e+21	1.3402e+33
2.48832e+10	3.26705e+22	5.35061e+21	1.34502e+33
2.50387e+10	3.26733e+22	5.35078e+21	1.34988e+33
2.51942e+10	3.2688e+22	5.35201e+21	1.35495e+33
2.53498e+10	3.27023e+22	5.35442e+21	1.36024e+33
2.55053e+10	3.26818e+22	5.35272e+21	1.3648e+33
2.56608e+10	3.2675e+22	5.35213e+21	1.36958e+33
2.58163e+10	3.26713e+22	5.35181e+21	1.37441e+33
2.59718e+10	3.26687e+22	5.35159e+21	1.37927e+33
2.61274e+10	3.26667e+22	5.35142e+21	1.38416e+33
2.62829e+10	3.2665e+22	5.35127e+21	1.38906e+33
2.64384e+10	3.26635e+22	5.35115e+21	1.39397e+33
2.65939e+10	3.26622e+22	5.35104e+21	1.39889e+33
2.67494e+10	3.26611e+22	5.35095e+21	1.40383e+33
2.6905e+10	3.266e+22	5.35087e+21	1.40879e+33
2.70605e+10	3.26591e+22	5.3508e+21	1.41375e+33
2.7216e+10	3.26583e+22	5.35074e+21	1.41873e+33
2.73715e+10	3.26575e+22	5.35069e+21	1.42372e+33
2.7527e+10	3.26569e+22	5.35065e+21	1.42872e+33
2.76826e+10	3.26563e+22	5.35062e+21	1.43373e+33
2.78381e+10	3.26559e+22	5.35059e+21	1.43875e+33
2.79936e+10	3.26555e+22	5.35058e+21	1.44379e+33
2.81491e+10	3.26553e+22	5.35059e+21	1.44884e+33
2.83046e+10	3.26551e+22	5.3506e+21	1.4539e+33
2.84602e+10	3.26551e+22	5.35062e+21	1.45897e+33
2.86157e+10	3.26551e+22	5.35065e+21	1.46405e+33
2.87712e+10	3.26552e+22	5.3507e+21	1.46915e+33
2.89267e+10	3.26555e+22	5.35076e+21	1.47425e+33
2.90822e+10	3.26558e+22	5.35082e+21	1.47937e+33
2.92378e+10	3.26562e+22	5.3509e+21	1.4845e+33
2.93933e+10	3.26568e+22	5.351e+21	1.48964e+33
2.95488e+10	3.26576e+22	5.35112e+21	1.49479e+33
2.97043e+10	3.26586e+22	5.35127e+21	1.49996e+33
2.98598e+10	3.26599e+22	5.35145e+21	1.50514e+33
3.00154e+10	3.26617e+22	5.35166e+21	1.51034e+33
3.01709e+10	3.26639e+22	5.35188e+21	1.51555e+33
3.03264e+10	3.26662e+22	5.35207e+21	1.52076e+33
3.04819e+10	3.26669e+22	5.35221e+21	1.52597e+33
3.06374e+10	3.26663e+22	5.35233e+21	1.53119e+33
3.0793e+10	3.26662e+22	5.35246e+21	1.53641e+33
3.09485e+10	3.26666e+22	5.35263e+21	1.54165e+33
3.1104e+10	3.26676e+22	5.35285e+21	1.54691e+33
3.12595e+10	3.2669e+22	5.3531e+21	1.55218e+33
3.1415e+10	3.26701e+22	5.35324e+21	1.55744e+33
3.15706e+10	3.26693e+22	5.35299e+21	1.56262e+33
3.17261e+10	3.26635e+22	5.35187e+21	1.56763e+33
3.18816e+10	3.26541e+22	5.3503e+21	1.57255e+33
3.20371e+10	3.26488e+22	5.34973e+21	1.57769e+33
3.21926e+10	3.26473e+22	5.3499e+21	1.58299e+33
3.23482e+10	3.26465e+22	5.35012e+21	1.5883e+33
3.25037e+10	3.26456e+22	5.35025e+21	1.5936e+33
3.26592e+10	3.26446e+22	5.35033e+21	1.5989e+33
3.28147e+10	3.26438e+22	5.35037e+21	1.6042e+33
3.29702e+10	3.2643e+22	5.35041e+21	1.60951e+33
3.31258e+10	3.26424e+22	5.35045e+21	1.61482e+33
3.32813e+10	3.26419e+22	5.35049e+21	1.62013e+33
3.34368e+10	3.26415e+22	5.35053e+21	1.62546e+33
3.35923e+10	3.26412e+22	5.35058e+21	1.63079e+33
3.37478e+10	3.2641e+22	5.35063e+21	1.63613e+33
3.39034e+10	3.2641e+22	5.35069e+21	1.64148e+33
3.40589e+10	3.26415e+22	5.35078e+21	1.64683e+33
3.42144e+10	3.26426e+22	5.35089e+21	1.6522e+33
3.43699e+10	3.26447e+22	5.35102e+21	1.65758e+33
3.45254e+10	3.26469e+22	5.35085e+21	1.6629e+33
3.4681e+10	3.2643e+22	5.3495e+21	1.66796e+33
3.48365e+10	3.26382e+22	5.3493e+21	1.67329e+33
3.4992e+10	3.26348e+22	5.34965e+21	1.67874e+33
3.51475e+10	3.26311e+22	5.34959e+21	1.6841e+33
3.5303e+10	3.26277e+22	5.3494e+21	1.68944e+33
3.54586e+10	3.26248e+22	5.34918e+21	1.69478e+33
3.56141e+10	3.26222e+22	5.34897e+21	1.70012e+33
3.57696e+10	3.26199e+22	5.34876e+21	1.70548e+33
3.59251e+10	3.26178e+22	5.34857e+21	1.71083e+33
3.60806e+10	3.26158e+22	5.34839e+21	1.7162e+33
3.62362e+10	3.2614e+22	5.34821e+21	1.72157e+33
3.63917e+10	3.26123e+22	5.34805e+21	1.72695e+33
3.65472e+10	3.26106e+22	5.34788e+21	1.73233e+33
3.67027e+10	3.2609e+22	5.34773e+21	1.73772e+33
3.68582e+10	3.26075e+22	5.34758e+21	1.74312e+33
3.70138e+10	3.2606e+22	5.34744e+21	1.74852e+33
3.71693e+10	3.26046e+22	5.34729e+21	1.75392e+33
3.73248e+10	3.26032e+22	5.34716e+21	1.75933e+33
3.74803e+10	3.26019e+22	5.34702e+21	1.76475e+33
3.76358e+10	3.26006e+22	5.34689e+21	1.77017e+33
3.77914e+10	3.25993e+22	5.34677e+21	1.7756e+33
3.79469e+10	3.25981e+22	5.34664e+21	1.78103e+33
3.81024e+10	3.25969e+22	5.34653e+21	1.78646e+33
3.82579e+10	3.25958e+22	5.34641e+21	1.7919e+33
3.84134e+10	3.25946e+22	5.3463e+21	1.79734e+33
3.8569e+10	3.25936e+22	5.34619e+21	1.80279e+33
3.87245e+10	3.25925e+22	5.34608e+21	1.80824e+33
3.888e+10	3.25915e+22	5.34597e+21	1.8137e+33
3.90355e+10	3.25905e+22	5.34587e+21	1.81916e+33
3.9191e+10	3.25895e+22	5.34577e+21	1.82463e+33
3.93466e+10	3.25886e+22	5.34568e+21	1.8301e+33
3.95021e+10	3.25878e+22	5.34559e+21	1.83557e+33
3.96576e+10	3.2587e+22	5.34549e+21	1.84105e+33
3.98131e+10	3.25862e+22	5.34541e+21	1.84653e+33
3.99686e+10	3.25855e+22	5.34532e+21	1.85202e+33
4.01242e+10	3.2585e+22	5.34523e+21	1.8575e+33
4.02797e+10	3.25848e+22	5.34515e+21	1.863e+33
4.04352e+10	3.25851e+22	5.34507e+21	1.86849e+33
4.05907e+10	3.25871e+22	5.34497e+21	1.87399e+33
4.07462e+10	3.25904e+22	5.34497e+21	1.87951e+33
4.09018e+10	3.25859e+22	5.3451e+21	1.88507e+33
4.10573e+10	3.25829e+22	5.34506e+21	1.89059e+33
4.12128e+10	3.25812e+22	5.345e+21	1.89611e+33
4.13683e+10	3.25798e+22	5.34493e+21	1.90163e+33
4.15238e+10	3.25787e+22	5.34486e+21	1.90715e+33
4.16794e+10	3.25777e+22	5.34479e+21	1.91268e+33
4.18349e+10	3.25768e+22	5.34473e+21	1.91821e+33
4.19904e+10	3.25759e+22	5.34467e+21	1.92374e+33
4.21459e+10	3.25751e+22	5.34461e+21	1.92927e+33
4.23014e+10	3.25744e+22	5.34455e+21	1.93481e+33
4.2457e+10	3.25736e+22	5.34449e+21	1.94036e+33
4.26125e+10	3.25729e+22	5.34444e+21	1.9459e+33
4.2768e+10	3.25723e+22	5.34439e+21	1.95145e+33
4.29235e+10	3.25716e+22	5.34434e+21	1.95701e+33
4.3079e+10	3.2571e+22	5.34429e+21	1.96256e+33
4.32346e+10	3.25704e+22	5.34425e+21	1.96812e+33
4.33901e+10	3.25699e+22	5.34421e+21	1.97369e+33
4.35456e+10	3.25694e+22	5.34417e+21	1.97926e+33
4.37011e+10	3.25689e+22	5.34414e+21	1.98483e+33
4.38566e+10	3.25685e+22	5.34411e+21	1.9904e+33
4.40122e+10	3.25681e+22	5.34408e+21	1.99598e+33
4.41677e+10	3.25677e+22	5.34406e+21	2.00156e+33
4.43232e+10	3.25674e+22	5.34405e+21	2.00715e+33
4.44787e+10	3.25672e+22	5.34404e+21	2.01274e+33
4.46342e+10	3.2567e+22	5.34404e+21	2.01834e+33
4.47898e+10	3.25669e+22	5.34405e+21	2.02394e+33
4.49453e+10	3.25669e+22	5.34407e+21	2.02955e+33
4.51008e+10	3.25671e+22	5.34411e+21	2.03516e+33
4.52563e+10	3.25674e+22	5.34416e+21	2.04078e+33
4.54118e+10	3.25679e+22	5.34423e+21	2.04641e+33
4.55674e+10	3.25687e+22	5.34433e+21	2.05205e+33
4.57229e+10	3.25699e+22	5.34447e+21	2.0577e+33
4.58784e+10	3.25717e+22	5.34466e+21	2.06337e+33
4.60339e+10	3.25744e+22	5.3449e+21	2.06906e+33
4.61894e+10	3.25781e+22	5.34513e+21	2.07475e+33
4.6345e+10	3.25808e+22	5.34485e+21	2.08029e+33
4.65005e+10	3.25764e+22	5.34356e+21	2.08556e+33
4.6656e+10	3.25743e+22	5.34402e+21	2.09132e+33
4.68115e+10	3.25722e+22	5.3444e+21	2.09706e+33
4.6967e+10	3.25702e+22	5.34447e+21	2.10271e+33
4.71226e+10	3.25686e+22	5.34446e+21	2.10835e+33
4.72781e+10	3.25676e+22	5.34446e+21	2.11399e+33
4.74336e+10	3.2567e+22	5.34449e+21	2.11963e+33
4.75891e+10	3.25669e+22	5.34454e+21	2.1253e+33
4.77446e+10	3.25671e+22	5.34464e+21	2.13097e+33
4.79002e+10	3.25677e+22	5.34479e+21	2.13666e+33
4.80557e+10	3.25688e+22	5.34498e+21	2.14237e+33
4.82112e+10	3.25704e+22	5.34522e+21	2.14809e+33
4.83667e+10	3.25723e+22	5.34547e+21	2.15382e+33
4.85222e+10	3.2574e+22	5.34562e+21	2.15952e+33
4.86778e+10	3.25737e+22	5.34535e+21	2.1651e+33
4.88333e+10	3.25687e+22	5.34426e+21	2.17045e+33
4.89888e+10	3.25605e+22	5.34283e+21	2.1757e+33
4.91443e+10	3.25564e+22	5.34238e+21	2.18124e+33
4.92998e+10	3.25556e+22	5.34258e+21	2.18696e+33
4.94554e+10	3.25552e+22	5.34281e+21	2.1927e+33
4.96109e+10	3.25546e+22	5.34293e+21	2.19841e+33
4.97664e+10	3.25538e+22	5.34298e+21	2.2041e+33
4.99219e+10	3.2553e+22	5.34298e+21	2.20978e+33
5.00774e+10	3.25522e+22	5.34295e+21	2.21545e+33
5.0233e+10	3.25514e+22	5.34292e+21	2.22112e+33
5.03885e+10	3.25508e+22	5.34289e+21	2.2268e+33
5.0544e+10	3.25504e+22	5.34287e+21	2.23248e+33
5.06995e+10	3.25502e+22	5.34288e+21	2.23817e+33
5.0855e+10	3.25504e+22	5.34293e+21	2.24387e+33
5.10106e+10	3.25515e+22	5.34308e+21	2.24961e+33
5.11661e+10	3.25542e+22	5.34343e+21	2.25541e+33
5.13216e+10	3.25593e+22	5.34413e+21	2.26132e+33
5.14771e+10	3.25599e+22	5.34441e+21	2.26711e+33
5.16326e+10	3.25563e+22	5.34414e+21	2.27273e+33
5.17882e+10	3.25536e+22	5.34389e+21	2.27836e+33
5.19437e+10	3.25517e+22	5.34371e+21	2.28401e+33
5.20992e+10	3.25503e+22	5.34358e+21	2.28967e+33
5.22547e+10	3.25491e+22	5.34346e+21	2.29535e+33
5.24102e+10	3.25481e+22	5.34337e+21	2.30103e+33
5.25658e+10	3.25472e+22	5.34328e+21	2.30672e+33
5.27213e+10	3.25464e+22	5.34321e+21	2.31241e+33
5.28768e+10	3.25456e+22	5.34313e+21	2.31811e+33
5.30323e+10	3.25449e+22	5.34307e+21	2.32381e+33
5.31878e+10	3.25442e+22	5.343e+21	2.32951e+33
5.33434e+10	3.25435e+22	5.34294e+21	2.33521e+33
5.34989e+10	3.25429e+22	5.34288e+21	2.34092e+33
5.36544e+10	3.25423e+22	5.34281e+21	2.34663e+33
5.38099e+10	3.25416e+22	5.34276e+21	2.35234e+33
5.39654e+10	3.2541e+22	5.3427e+21	2.35805e+33
5.4121e+10	3.25404e+22	5.34264e+21	2.36377e+33
5.42765e+10	3.25398e+22	5.34258e+21	2.36949e+33
5.4432e+10	3.25393e+22	5.34253e+21	2.37521e+33
5.45875e+10	3.25387e+22	5.34247e+21	2.38093e+33
5.4743e+10	3.25381e+22	5.34242e+21	2.38665e+33
5.48986e+10	3.25376e+22	5.34237e+21	2.39238e+33
5.50541e+10	3.25371e+22	5.34232e+21	2.39811e+33
5.52096e+10	3.25366e+22	5.34227e+21	2.40384e+33
5.53651e+10	3.25362e+22	5.34223e+21	2.40958e+33
5.55206e+10	3.25357e+22	5.34219e+21	2.41531e+33
5.56762e+10	3.25353e+22	5.34215e+21	2.42106e+33
5.58317e+10	3.25349e+22	5.34211e+21	2.4268e+33
5.59872e+10	3.25346e+22	5.34208e+21	2.43255e+33
5.61427e+10	3.25343e+22	5.34206e+21	2.4383e+33
5.62982e+10	3.25341e+22	5.34204e+21	2.44405e+33
5.64538e+10	3.25339e+22	5.34202e+21	2.44981e+33
5.66093e+10	3.25338e+22	5.34202e+21	2.45557e+33
5.67648e+10	3.25338e+22	5.34202e+21	2.46134e+33
5.69203e+10	3.25339e+22	5.34204e+21	2.46712e+33
5.70758e+10	3.25342e+22	5.34208e+21	2.4729e+33
5.72314e+10	3.25347e+22	5.34213e+21	2.47869e+33
5.73869e+10	3.25355e+22	5.34222e+21	2.48449e+33
5.75424e+10	3.25367e+22	5.34234e+21	2.49031e+33
5.76979e+10	3.25386e+22	5.34251e+21	2.49614e+33
5.78534e+10	3.25413e+22	5.34272e+21	2.50199e+33
5.8009e+10	3.2545e+22	5.34286e+21	2.50782e+33
5.81645e+10	3.2546e+22	5.34217e+21	2.51337e+33
5.832e+10	3.25407e+22	5.34114e+21	2.51881e+33
5.84755e+10	3.25387e+22	5.34171e+21	2.52479e+33
5.8631e+10	3.2536e+22	5.34189e+21	2.53064e+33
5.87866e+10	3.25336e+22	5.34183e+21	2.53641e+33
5.89421e+10	3.25316e+22	5.34172e+21	2.54217e+33
5.90976e+10	3.25299e+22	5.34161e+21	2.54793e+33
5.92531e+10	3.25286e+22	5.3415e+21	2.55369e+33
5.94086e+10	3.25274e+22	5.3414e+21	2.55945e+33
5.95642e+10	3.25264e+22	5.34131e+21	2.56522e+33
5.97197e+10	3.25255e+22	5.34124e+21	2.571e+33
5.98752e+10	3.25248e+22	5.34117e+21	2.57677e+33
6.00307e+10	3.25241e+22	5.3411e+21	2.58256e+33
6.01862e+10	3.25235e+22	5.34105e+21	2.58835e+33
6.03418e+10	3.25229e+22	5.341e+21	2.59414e+33
6.04973e+10	3.25225e+22	5.34096e+21	2.59994e+33
6.06528e+10	3.2522e+22	5.34093e+21	2.60574e+33
6.08083e+10	3.25216e+22	5.3409e+21	2.61154e+33
6.09638e+10	3.25213e+22	5.34087e+21	2.61735e+33
6.11194e+10	3.25209e+22	5.34085e+21	2.62316e+33
6.12749e+10	3.25206e+22	5.34083e+21	2.62897e+33
6.14304e+10	3.25203e+22	5.34082e+21	2.63479e+33
6.15859e+10	3.252e+22	5.34081e+21	2.64061e+33
6.17414e+10	3.25196e+22	5.3408e+21	2.64643e+33
6.1897e+10	3.25193e+22	5.34078e+21	2.65225e+33
6.20525e+10	3.2519e+22	5.34077e+21	2.65808e+33
6.2208e+10	3.25187e+22	5.34076e+21	2.6639e+33
6.23635e+10	3.25184e+22	5.34076e+21	2.66973e+33
6.2519e+10	3.25181e+22	5.34075e+21	2.67556e+33
6.26746e+10	3.25178e+22	5.34075e+21	2.6814e+33
6.28301e+10	3.25176e+22	5.34075e+21	2.68723e+33
6.29856e+10	3.25174e+22	5.34075e+21	2.69307e+33
6.31411e+10	3.25173e+22	5.34076e+21	2.69892e+33
6.32966e+10	3.25172e+22	5.34077e+21	2.70477e+33
6.34522e+10	3.25171e+22	5.3408e+21	2.71062e+33
6.36077e+10	3.25171e+22	5.34083e+21	2.71647e+33
6.37632e+10	3.25172e+22	5.34086e+21	2.72233e+33
6.39187e+10	3.25174e+22	5.34091e+21	2.7282e+33
6.40742e+10	3.25176e+22	5.34098e+21	2.73407e+33
6.42298e+10	3.2518e+22	5.34105e+21	2.73996e+33
6.43853e+10	3.25185e+22	5.34114e+21	2.74584e+33
6.45408e+10	3.25192e+22	5.34126e+21	2.75174e+33
6.46963e+10	3.252e+22	5.3414e+21	2.75765e+33
6.48518e+10	3.2521e+22	5.34156e+21	2.76357e+33
6.50074e+10	3.25224e+22	5.34176e+21	2.7695e+33
6.51629e+10	3.2524e+22	5.34199e+21	2.77545e+33
6.53184e+10	3.25259e+22	5.34226e+21	2.78142e+33
6.54739e+10	3.25281e+22	5.34251e+21	2.78738e+33
6.56294e+10	3.25299e+22	5.34267e+21	2.7933e+33
6.5785e+10	3.25301e+22	5.34247e+21	2.7991e+33
6.59405e+10	3.25264e+22	5.34161e+21	2.80465e+33
6.6096e+10	3.25197e+22	5.34036e+21	2.81005e+33
6.62515e+10	3.25157e+22	5.33983e+21	2.81572e+33
6.6407e+10	3.2515e+22	5.33999e+21	2.82166e+33
6.65626e+10	3.2515e+22	5.34026e+21	2.82763e+33
6.67181e+10	3.25148e+22	5.34044e+21	2.83358e+33
6.68736e+10	3.25145e+22	5.34053e+21	2.83949e+33
6.70291e+10	3.2514e+22	5.34058e+21	2.84539e+33
6.71846e+10	3.25134e+22	5.34059e+21	2.85127e+33
6.73402e+10	3.25129e+22	5.34058e+21	2.85715e+33
6.74957e+10	3.25124e+22	5.34056e+21	2.86303e+33
6.76512e+10	3.2512e+22	5.34054e+21	2.86891e+33
6.78067e+10	3.25116e+22	5.34052e+21	2.87479e+33
6.79622e+10	3.25112e+22	5.34051e+21	2.88067e+33
6.81178e+10	3.2511e+22	5.3405e+21	2.88656e+33
6.82733e+10	3.25108e+22	5.34049e+21	2.89245e+33
6.84288e+10	3.25108e+22	5.3405e+21	2.89834e+33
6.85843e+10	3.25108e+22	5.34051e+21	2.90424e+33
6.87398e+10	3.2511e+22	5.34054e+21	2.91015e+33
6.88954e+10	3.25114e+22	5.34059e+21	2.91606e+33
6.90509e+10	3.2512e+22	5.34066e+21	2.92199e+33
6.92064e+10	3.25129e+22	5.34076e+21	2.92793e+33
6.93619e+10	3.25143e+22	5.34091e+21	2.93389e+33
6.95174e+10	3.25165e+22	5.34111e+21	2.93987e+33
6.9673e+10	3.25196e+22	5.34134e+21	2.94586e+33
6.98285e+10	3.25234e+22	5.34142e+21	2.9518e+33
6.9984e+10	3.25228e+22	5.34042e+21	2.95731e+33
7.01395e+10	3.25181e+22	5.33986e+21	2.963e+33
7.0295e+10	3.25161e+22	5.34043e+21	2.96913e+33
7.04506e+10	3.25135e+22	5.34054e+21	2.97508e+33
7.06061e+10	3.25113e+22	5.34048e+21	2.98097e+33
7.07616e+10	3.25095e+22	5.34038e+21	2.98684e+33
7.09171e+10	3.25081e+22	5.34029e+21	2.99272e+33
7.10726e+10	3.25069e+22	5.3402e+21	2.9986e+33
7.12282e+10	3.25059e+22	5.34013e+21	3.00448e+33
7.13837e+10	3.25051e+22	5.34006e+21	3.01037e+33
7.15392e+10	3.25044e+22	5.34001e+21	3.01627e+33
7.16947e+10	3.25038e+22	5.33996e+21	3.02217e+33
7.18502e+10	3.25033e+22	5.33992e+21	3.02807e+33
7.20058e+10	3.25028e+22	5.33989e+21	3.03398e+33
7.21613e+10	3.25024e+22	5.33987e+21	3.03989e+33
7.23168e+10	3.25021e+22	5.33985e+21	3.04581e+33
7.24723e+10	3.25018e+22	5.33983e+21	3.05173e+33
7.26278e+10	3.25016e+22	5.33982e+21	3.05765e+33
7.27834e+10	3.25014e+22	5.33982e+21	3.06358e+33
7.29389e+10	3.25012e+22	5.33982e+21	3.06951e+33
7.30944e+10	3.25011e+22	5.33983e+21	3.07544e+33
7.32499e+10	3.25011e+22	5.33985e+21	3.08137e+33
7.34054e+10	3.2501e+22	5.33987e+21	3.08731e+33
7.3561e+10	3.25011e+22	5.33989e+21	3.09326e+33
7.37165e+10	3.25011e+22	5.33993e+21	3.0992e+33
7.3872e+10	3.25013e+22	5.33997e+21	3.10516e+33
7.40275e+10	3.25015e+22	5.34001e+21	3.11111e+33
7.4183e+10	3.25017e+22	5.34007e+21	3.11707e+33
7.43386e+10	3.2502e+22	5.34013e+21	3.12304e+33
7.44941e+10	3.25024e+22	5.34021e+21	3.12901e+33
7.46496e+10	3.25029e+22	5.34029e+21	3.13498e+33
7.48051e+10	3.25034e+22	5.34039e+21	3.14097e+33
7.49606e+10	3.25041e+22	5.34051e+21	3.14696e+33
7.51162e+10	3.25049e+22	5.34064e+21	3.15296e+33
7.52717e+10	3.25059e+22	5.3408e+21	3.15897e+33
7.54272e+10	3.25071e+22	5.34099e+21	3.165e+33
7.55827e+10	3.25086e+22	5.34122e+21	3.17104e+33
7.57382e+10	3.25105e+22	5.3415e+21	3.17711e+33
7.58938e+10	3.25128e+22	5.34185e+21	3.18321e+33
7.60493e+10	3.25159e+22	5.34231e+21	3.18935e+33
7.62048e+10	3.25203e+22	5.34294e+21	3.19557e+33
7.63603e+10	3.25268e+22	5.34388e+21	3.20193e+33
7.65158e+10	3.25354e+22	5.34513e+21	3.20842e+33
7.66714e+10	3.2538e+22	5.34554e+21	3.21456e+33
7.68269e+10	3.253e+22	5.34445e+21	3.22005e+33
7.69824e+10	3.2522e+22	5.34334e+21	3.22552e+33
7.71379e+10	3.25165e+22	5.34259e+21	3.23116e+33
7.72934e+10	3.25128e+22	5.34208e+21	3.2369e+33
7.7449e+10	3.25103e+22	5.34173e+21	3.2427e+33
7.76045e+10	3.25084e+22	5.34148e+21	3.24856e+33
7.776e+10	3.2507e+22	5.34129e+21	3.25444e+33
7.79155e+10	3.2506e+22	5.34116e+21	3.26034e+33
7.8071e+10	3.25052e+22	5.34107e+21	3.26626e+33
7.82266e+10	3.25047e+22	5.341e+21	3.2722e+33
7.83821e+10	3.25043e+22	5.34097e+21	3.27815e+33
7.85376e+10	3.25042e+22	5.34096e+21	3.28411e+33
7.86931e+10	3.25042e+22	5.34097e+21	3.29008e+33
7.88486e+10	3.25043e+22	5.341e+21	3.29606e+33
7.90042e+10	3.25046e+22	5.34106e+21	3.30205e+33
7.91597e+10	3.25051e+22	5.34113e+21	3.30805e+33
7.93152e+10	3.25056e+22	5.34123e+21	3.31407e+33
7.94707e+10	3.25063e+22	5.34134e+21	3.32009e+33
7.96262e+10	3.25071e+22	5.34146e+21	3.32611e+33
7.97818e+10	3.25079e+22	5.34158e+21	3.33214e+33
7.99373e+10	3.25086e+22	5.34169e+21	3.33816e+33
8.00928e+10	3.25092e+22	5.34177e+21	3.34417e+33
8.02483e+10	3.25096e+22	5.34182e+21	3.35017e+33
8.04038e+10	3.25097e+22	5.34183e+21	3.35615e+33
8.05594e+10	3.25096e+22	5.34178e+21	3.36211e+33
8.07149e+10	3.25093e+22	5.3417e+21	3.36805e+33
8.08704e+10	3.2509e+22	5.34161e+21	3.37399e+33
8.10259e+10	3.25089e+22	5.34152e+21	3.37992e+33
8.11814e+10	3.25092e+22	5.34146e+21	3.38588e+33
8.1337e+10	3.25102e+22	5.34145e+21	3.39186e+33
8.14925e+10	3.25122e+22	5.34149e+21	3.39786e+33
8.1648e+10	3.2515e+22	5.34138e+21	3.40379e+33
8.18035e+10	3.25133e+22	5.34018e+21	3.40923e+33
8.1959e+10	3.25081e+22	5.33954e+21	3.41492e+33
8.21146e+10	3.25056e+22	5.33997e+21	3.4211e+33
8.22701e+10	3.25027e+22	5.33997e+21	3.42708e+33
8.24256e+10	3.25003e+22	5.33983e+21	3.433e+33
8.25811e+10	3.24985e+22	5.33967e+21	3.43892e+33
8.27366e+10	3.2497e+22	5.33953e+21	3.44484e+33
8.28922e+10	3.24955e+22	5.33942e+21	3.45077e+33
8.30477e+10	3.24939e+22	5.3393e+21	3.45671e+33
8.32032e+10	3.24922e+22	5.33919e+21	3.46264e+33
8.33587e+10	3.24907e+22	5.33907e+21	3.46858e+33
8.35142e+10	3.24892e+22	5.33896e+21	3.47452e+33
8.36698e+10	3.24879e+22	5.33885e+21	3.48046e+33
8.38253e+10	3.24868e+22	5.33875e+21	3.4864e+33
8.39808e+10	3.24857e+22	5.33865e+21	3.49235e+33
8.41363e+10	3.24847e+22	5.33856e+21	3.4983e+33
8.42918e+10	3.24838e+22	5.33848e+21	3.50425e+33
8.44474e+10	3.2483e+22	5.3384e+21	3.51021e+33
8.46029e+10	3.24822e+22	5.33833e+21	3.51617e+33
8.47584e+10	3.24815e+22	5.33826e+21	3.52213e+33
8.49139e+10	3.24808e+22	5.33819e+21	3.5281e+33
8.50694e+10	3.24802e+22	5.33813e+21	3.53406e+33
8.5225e+10	3.24796e+22	5.33807e+21	3.54003e+33
8.53805e+10	3.2479e+22	5.33801e+21	3.546e+33
8.5536e+10	3.24785e+22	5.33796e+21	3.55197e+33
8.56915e+10	3.2478e+22	5.33791e+21	3.55795e+33
8.5847e+10	3.24775e+22	5.33786e+21	3.56393e+33
8.60026e+10	3.2477e+22	5.33781e+21	3.5699e+33
8.61581e+10	3.24766e+22	5.33776e+21	3.57588e+33
8.63136e+10	3.24762e+22	5.33772e+21	3.58186e+33
8.64691e+10	3.24758e+22	5.33768e+21	3.58784e+33
8.66246e+10	3.24754e+22	5.33764e+21	3.59383e+33
8.67802e+10	3.2475e+22	5.3376e+21	3.59981e+33
8.69357e+10	3.24747e+22	5.33756e+21	3.6058e+33
8.70912e+10	3.24743e+22	5.33752e+21	3.61178e+33
8.72467e+10	3.2474e+22	5.33749e+21	3.61777e+33
8.74022e+10	3.24736e+22	5.33745e+21	3.62376e+33
8.75578e+10	3.24733e+22	5.33741e+21	3.62975e+33
8.77133e+10	3.24729e+22	5.33737e+21	3.63573e+33
8.78688e+10	3.24726e+22	5.33733e+21	3.64172e+33
8.80243e+10	3.24722e+22	5.33729e+21	3.64771e+33
8.81798e+10	3.24718e+22	5.33725e+21	3.65369e+33
8.83354e+10	3.24714e+22	5.3372e+21	3.65968e+33
8.84909e+10	3.2471e+22	5.33716e+21	3.66567e+33
8.86464e+10	3.24706e+22	5.33711e+21	3.67165e+33
8.88019e+10	3.24702e+22	5.33706e+21	3.67764e+33
8.89574e+10	3.24698e+22	5.33701e+21	3.68363e+33
8.9113e+10	3.24694e+22	5.33697e+21	3.68962e+33
8.92685e+10	3.2469e+22	5.33692e+21	3.6956e+33
8.9424e+10	3.24686e+22	5.33688e+21	3.70159e+33
8.95795e+10	3.24682e+22	5.33683e+21	3.70759e+33
8.9735e+10	3.24678e+22	5.33679e+21	3.71358e+33
8.98906e+10	3.24675e+22	5.33676e+21	3.71958e+33
9.00461e+10	3.24672e+22	5.33672e+21	3.72557e+33
9.02016e+10	3.24669e+22	5.33669e+21	3.73157e+33
9.03571e+10	3.24666e+22	5.33666e+21	3.73757e+33
9.05126e+10	3.24663e+22	5.33663e+21	3.74357e+33
9.06682e+10	3.24661e+22	5.33661e+21	3.74958e+33
9.08237e+10	3.24659e+22	5.33659e+21	3.75558e+33
9.09792e+10	3.24657e+22	5.33657e+21	3.76159e+33
9.11347e+10	3.24656e+22	5.33656e+21	3.7676e+33
9.12902e+10	3.24654e+22	5.33655e+21	3.77362e+33
9.14458e+10	3.24654e+22	5.33654e+21	3.77963e+33
9.16013e+10	3.24653e+22	5.33654e+21	3.78565e+33
9.17568e+10	3.24654e+22	5.33655e+21	3.79167e+33
9.19123e+10	3.24655e+22	5.33656e+21	3.7977e+33
9.20678e+10	3.24656e+22	5.33658e+21	3.80373e+33
9.22234e+10	3.24659e+22	5.33661e+21	3.80977e+33
9.23789e+10	3.24663e+22	5.33666e+21	3.81581e+33
9.25344e+10	3.24669e+22	5.33672e+21	3.82187e+33
9.26899e+10	3.24677e+22	5.33681e+21	3.82793e+33
9.28454e+10	3.24689e+22	5.33692e+21	3.83402e+33
9.3001e+10	3.24706e+22	5.33708e+21	3.84012e+33
9.31565e+10	3.2473e+22	5.33729e+21	3.84625e+33
9.3312e+10	3.24763e+22	5.33749e+21	3.85238e+33
9.34675e+10	3.24794e+22	5.33734e+21	3.85833e+33
9.3623e+10	3.2476e+22	5.33606e+21	3.86369e+33
9.37786e+10	3.24729e+22	5.33612e+21	3.86975e+33
9.39341e+10	3.24708e+22	5.33653e+21	3.87599e+33
9.40896e+10	3.24684e+22	5.33657e+21	3.88204e+33
9.42451e+10	3.24663e+22	5.33649e+21	3.88802e+33
9.44006e+10	3.24646e+22	5.33638e+21	3.89399e+33
9.45562e+10	3.24632e+22	5.33627e+21	3.89996e+33
9.47117e+10	3.2462e+22	5.33617e+21	3.90593e+33
9.48672e+10	3.24609e+22	5.33607e+21	3.91191e+33
9.50227e+10	3.246e+22	5.33598e+21	3.91789e+33
9.51782e+10	3.24592e+22	5.3359e+21	3.92388e+33
9.53338e+10	3.24584e+22	5.33582e+21	3.92987e+33
9.54893e+10	3.24577e+22	5.33575e+21	3.93586e+33
9.56448e+10	3.2457e+22	5.33568e+21	3.94185e+33
9.58003e+10	3.24564e+22	5.33561e+21	3.94785e+33
9.59558e+10	3.24558e+22	5.33555e+21	3.95384e+33
9.61114e+10	3.24553e+22	5.33549e+21	3.95984e+33
9.62669e+10	3.24547e+22	5.33543e+21	3.96584e+33
9.64224e+10	3.24542e+22	5.33537e+21	3.97184e+33
9.65779e+10	3.24537e+22	5.33532e+21	3.97784e+33
9.67334e+10	3.24532e+22	5.33526e+21	3.98385e+33
9.6889e+10	3.24528e+22	5.33521e+21	3.98985e+33
9.70445e+10	3.24523e+22	5.33516e+21	3.99586e+33
9.72e+10	3.24519e+22	5.33511e+21	4.00186e+33
9.73555e+10	3.24515e+22	5.33506e+21	4.00787e+33
9.7511e+10	3.24511e+22	5.33502e+21	4.01388e+33
9.76666e+10	3.24506e+22	5.33497e+21	4.01989e+33
9.78221e+10	3.24503e+22	5.33492e+21	4.0259e+33
9.79776e+10	3.24499e+22	5.33488e+21	4.03191e+33
9.81331e+10	3.24495e+22	5.33484e+21	4.03792e+33
9.82886e+10	3.24491e+22	5.33479e+21	4.04393e+33
9.84442e+10	3.24488e+22	5.33475e+21	4.04995e+33
9.85997e+10	3.24484e+22	5.33471e+21	4.05596e+33
9.87552e+10	3.24481e+22	5.33467e+21	4.06198e+33
9.89107e+10	3.24477e+22	5.33463e+21	4.06799e+33
9.90662e+10	3.24474e+22	5.33459e+21	4.07401e+33
9.92218e+10	3.24471e+22	5.33456e+21	4.08002e+33
9.93773e+10	3.24467e+22	5.33452e+21	4.08604e+33
9.95328e+10	3.24464e+22	5.33448e+21	4.09206e+33
9.96883e+10	3.24461e+22	5.33445e+21	4.09808e+33
9.98438e+10	3.24458e+22	5.33441e+21	4.1041e+33
9.99994e+10	3.24455e+22	5.33438e+21	4.11012e+33
1.00155e+11	3.24452e+22	5.33435e+21	4.11614e+33
1.0031e+11	3.2445e+22	5.33432e+21	4.12216e+33
1.00466e+11	3.24447e+22	5.33428e+21	4.12818e+33
1.00621e+11	3.24444e+22	5.33425e+21	4.13421e+33
1.00777e+11	3.24442e+22	5.33423e+21	4.14023e+33
1.00932e+11	3.2444e+22	5.3342e+21	4.14626e+33
1.01088e+11	3.24437e+22	5.33417e+21	4.15228e+33
1.01244e+11	3.24435e+22	5.33414e+21	4.15831e+33
1.01399e+11	3.24433e+22	5.33412e+21	4.16434e+33
1.01555e+11	3.24431e+22	5.3341e+21	4.17037e+33
1.0171e+11	3.24429e+22	5.33407e+21	4.1764e+33
1.01866e+11	3.24427e+22	5.33405e+21	4.18243e+33
1.02021e+11	3.24426e+22	5.33404e+21	4.18846e+33
1.02177e+11	3.24424e+22	5.33402e+21	4.19449e+33
1.02332e+11	3.24423e+22	5.334e+21	4.20053e+33
1.02488e+11	3.24422e+22	5.33399e+21	4.20656e+33
1.02643e+11	3.24421e+22	5.33398e+21	4.2126e+33
1.02799e+11	3.2442e+22	5.33397e+21	4.21864e+33
1.02954e+11	3.2442e+22	5.33397e+21	4.22468e+33
1.0311e+11	3.2442e+22	5.33397e+21	4.23073e+33
1.03265e+11	3.2442e+22	5.33397e+21	4.23678e+33
1.03421e+11	3.24421e+22	5.33398e+21	4.24283e+33
1.03576e+11	3.24422e+22	5.33399e+21	4.24888e+33
1.03732e+11	3.24424e+22	5.33401e+21	4.25494e+33
1.03887e+11	3.24427e+22	5.33405e+21	4.261e+33
1.04043e+11	3.24431e+22	5.33409e+21	4.26707e+33
1.04198e+11	3.24437e+22	5.33415e+21	4.27315e+33
1.04354e+11	3.24444e+22	5.33423e+21	4.27925e+33
1.04509e+11	3.24455e+22	5.33433e+21	4.28535e+33
1.04665e+11	3.24469e+22	5.33447e+21	4.29148e+33
1.0482e+11	3.24489e+22	5.33465e+21	4.29764e+33
1.04976e+11	3.24517e+22	5.33488e+21	4.30382e+33
1.05132e+11	3.24554e+22	5.33504e+21	4.30996e+33
1.05287e+11	3.24569e+22	5.3345e+21	4.3157e+33
1.05443e+11	3.2452e+22	5.33336e+21	4.32108e+33
1.05598e+11	3.24501e+22	5.33386e+21	4.32742e+33
1.05754e+11	3.24479e+22	5.33411e+21	4.33362e+33
1.05909e+11	3.24457e+22	5.3341e+21	4.33966e+33
1.06065e+11	3.24439e+22	5.33402e+21	4.34567e+33
1.0622e+11	3.24424e+22	5.33392e+21	4.35166e+33
1.06376e+11	3.24412e+22	5.33383e+21	4.35765e+33
1.06531e+11	3.24402e+22	5.33374e+21	4.36365e+33
1.06687e+11	3.24393e+22	5.33365e+21	4.36966e+33
1.06842e+11	3.24385e+22	5.33358e+21	4.37566e+33
1.06998e+11	3.24378e+22	5.33351e+21	4.38167e+33
1.07153e+11	3.24371e+22	5.33345e+21	4.38769e+33
1.07309e+11	3.24366e+22	5.33339e+21	4.39371e+33
1.07464e+11	3.2436e+22	5.33333e+21	4.39973e+33
1.0762e+11	3.24355e+22	5.33328e+21	4.40575e+33
1.07775e+11	3.24351e+22	5.33323e+21	4.41177e+33
1.07931e+11	3.24346e+22	5.33319e+21	4.4178e+33
1.08086e+11	3.24342e+22	5.33314e+21	4.42382e+33
1.08242e+11	3.24338e+22	5.3331e+21	4.42985e+33
1.08397e+11	3.24335e+22	5.33306e+21	4.43588e+33
1.08553e+11	3.24331e+22	5.33302e+21	4.44191e+33
1.08708e+11	3.24328e+22	5.33299e+21	4.44794e+33
1.08864e+11	3.24324e+22	5.33295e+21	4.45398e+33
1.0902e+11	3.24321e+22	5.33292e+21	4.46001e+33
1.09175e+11	3.24318e+22	5.33288e+21	4.46605e+33
1.09331e+11	3.24315e+22	5.33285e+21	4.47208e+33
1.09486e+11	3.24313e+22	5.33282e+21	4.47812e+33
1.09642e+11	3.2431e+22	5.33279e+21	4.48415e+33
1.09797e+11	3.24307e+22	5.33276e+21	4.49019e+33
1.09953e+11	3.24305e+22	5.33273e+21	4.49623e+33
1.10108e+11	3.24302e+22	5.33271e+21	4.50227e+33
1.10264e+11	3.243e+22	5.33268e+21	4.50831e+33
1.10419e+11	3.24297e+22	5.33265e+21	4.51435e+33
1.10575e+11	3.24295e+22	5.33263e+21	4.52039e+33
1.1073e+11	3.24293e+22	5.3326e+21	4.52643e+33
1.10886e+11	3.24291e+22	5.33258e+21	4.53248e+33
1.11041e+11	3.24289e+22	5.33256e+21	4.53852e+33
1.11197e+11	3.24287e+22	5.33254e+21	4.54456e+33
1.11352e+11	3.24285e+22	5.33251e+21	4.55061e+33
1.11508e+11	3.24283e+22	5.33249e+21	4.55665e+33
1.11663e+11	3.24281e+22	5.33247e+21	4.5627e+33
1.11819e+11	3.24279e+22	5.33245e+21	4.56875e+33
1.11974e+11	3.24278e+22	5.33244e+21	4.57479e+33
1.1213e+11	3.24276e+22	5.33242e+21	4.58084e+33
1.12285e+11	3.24274e+22	5.3324e+21	4.58689e+33
1.12441e+11	3.24273e+22	5.33239e+21	4.59294e+33
1.12596e+11	3.24271e+22	5.33237e+21	4.59899e+33
1.12752e+11	3.2427e+22	5.33236e+21	4.60504e+33
1.12908e+11	3.24269e+22	5.33234e+21	4.61109e+33
1.13063e+11	3.24268e+22	5.33233e+21	4.61714e+33
1.13219e+11	3.24267e+22	5.33232e+21	4.6232e+33
1.13374e+11	3.24266e+22	5.33231e+21	4.62925e+33
1.1353e+11	3.24265e+22	5.3323e+21	4.6353e+33
1.13685e+11	3.24264e+22	5.33229e+21	4.64136e+33
1.13841e+11	3.24263e+22	5.33229e+21	4.64742e+33
1.13996e+11	3.24263e+22	5.33228e+21	4.65348e+33
1.14152e+11	3.24263e+22	5.33228e+21	4.65954e+33
1.14307e+11	3.24263e+22	5.33228e+21	4.6656e+33
1.14463e+11	3.24263e+22	5.33228e+21	4.67166e+33
1.14618e+11	3.24263e+22	5.33229e+21	4.67773e+33
1.14774e+11	3.24264e+22	5.3323e+21	4.68379e+33
1.14929e+11	3.24265e+22	5.33231e+21	4.68986e+33
1.15085e+11	3.24266e+22	5.33232e+21	4.69594e+33
1.1524e+11	3.24268e+22	5.33235e+21	4.70201e+33
1.15396e+11	3.2427e+22	5.33237e+21	4.70809e+33
1.15551e+11	3.24274e+22	5.33241e+21	4.71418e+33
1.15707e+11	3.24278e+22	5.33246e+21	4.72027e+33
1.15862e+11	3.24283e+22	5.33251e+21	4.72637e+33
1.16018e+11	3.2429e+22	5.33259e+21	4.73248e+33
1.16173e+11	3.24299e+22	5.33269e+21	4.73861e+33
1.16329e+11	3.24312e+22	5.33281e+21	4.74475e+33
1.16484e+11	3.24328e+22	5.33298e+21	4.75092e+33
1.1664e+11	3.24352e+22	5.33319e+21	4.75712e+33
1.16796e+11	3.24384e+22	5.33343e+21	4.76334e+33
1.16951e+11	3.24421e+22	5.33348e+21	4.76944e+33
1.17107e+11	3.24413e+22	5.33251e+21	4.77489e+33
1.17262e+11	3.24369e+22	5.33195e+21	4.78059e+33
1.17418e+11	3.24353e+22	5.3325e+21	4.78701e+33
1.17573e+11	3.24331e+22	5.33264e+21	4.79317e+33
1.17729e+11	3.24311e+22	5.33261e+21	4.79921e+33
1.17884e+11	3.24294e+22	5.33252e+21	4.80523e+33
1.1804e+11	3.24281e+22	5.33243e+21	4.81124e+33
1.18195e+11	3.2427e+22	5.33235e+21	4.81725e+33
1.18351e+11	3.24261e+22	5.33227e+21	4.82327e+33
1.18506e+11	3.24253e+22	5.3322e+21	4.82929e+33
1.18662e+11	3.24246e+22	5.33214e+21	4.83531e+33
1.18817e+11	3.2424e+22	5.33208e+21	4.84134e+33
1.18973e+11	3.24235e+22	5.33203e+21	4.84738e+33
1.19128e+11	3.2423e+22	5.33198e+21	4.85341e+33
1.19284e+11	3.24225e+22	5.33193e+21	4.85945e+33
1.19439e+11	3.24221e+22	5.33189e+21	4.86549e+33
1.19595e+11	3.24217e+22	5.33185e+21	4.87153e+33
1.1975e+11	3.24214e+22	5.33181e+21	4.87758e+33
1.19906e+11	3.2421e+22	5.33178e+21	4.88362e+33
1.20061e+11	3.24207e+22	5.33174e+21	4.88967e+33
1.20217e+11	3.24204e+22	5.33171e+21	4.89572e+33
1.20372e+11	3.24201e+22	5.33168e+21	4.90176e+33
1.20528e+11	3.24199e+22	5.33165e+21	4.90781e+33
1.20684e+11	3.24196e+22	5.33163e+21	4.91387e+33
1.20839e+11	3.24193e+22	5.3316e+21	4.91992e+33
1.20995e+11	3.24191e+22	5.33157e+21	4.92597e+33
1.2115e+11	3.24189e+22	5.33155e+21	4.93202e+33
1.21306e+11	3.24187e+22	5.33153e+21	4.93808e+33
1.21461e+11	3.24184e+22	5.3315e+21	4.94413e+33
1.21617e+11	3.24182e+22	5.33148e+21	4.95019e+33
1.21772e+11	3.2418e+22	5.33146e+21	4.95625e+33
1.21928e+11	3.24178e+22	5.33144e+21	4.9623e+33
1.22083e+11	3.24177e+22	5.33142e+21	4.96836e+33
1.22239e+11	3.24175e+22	5.3314e+21	4.97442e+33
1.22394e+11	3.24173e+22	5.33138e+21	4.98048e+33
1.2255e+11	3.24171e+22	5.33137e+21	4.98654e+33
1.22705e+11	3.2417e+22	5.33135e+21	4.9926e+33
1.22861e+11	3.24168e+22	5.33133e+21	4.99866e+33
1.23016e+11	3.24167e+22	5.33132e+21	5.00472e+33
1.23172e+11	3.24165e+22	5.3313e+21	5.01078e+33
1.23327e+11	3.24164e+22	5.33129e+21	5.01684e+33
1.23483e+11	3.24162e+22	5.33128e+21	5.02291e+33
1.23638e+11	3.24161e+22	5.33126e+21	5.02897e+33
1.23794e+11	3.2416e+22	5.33125e+21	5.03503e+33
1.23949e+11	3.24159e+22	5.33124e+21	5.0411e+33
1.24105e+11	3.24158e+22	5.33123e+21	5.04716e+33
1.2426e+11	3.24157e+22	5.33122e+21	5.05323e+33
1.24416e+11	3.24156e+22	5.33121e+21	5.0593e+33
1.24572e+11	3.24155e+22	5.3312e+21	5.06536e+33
1.24727e+11	3.24154e+22	5.33119e+21	5.07143e+33
1.24883e+11	3.24153e+22	5.33119e+21	5.0775e+33
1.25038e+11	3.24153e+22	5.33118e+21	5.08357e+33
1.25194e+11	3.24152e+22	5.33118e+21	5.08964e+33
1.25349e+11	3.24152e+22	5.33117e+21	5.09571e+33
1.25505e+11	3.24151e+22	5.33117e+21	5.10179e+33
1.2566e+11	3.24151e+22	5.33117e+21	5.10786e+33
1.25816e+11	3.24151e+22	5.33117e+21	5.11394e+33
1.25971e+11	3.24151e+22	5.33117e+21	5.12001e+33
1.26127e+11	3.24152e+22	5.33118e+21	5.12609e+33
1.26282e+11	3.24152e+22	5.33119e+21	5.13217e+33
1.26438e+11	3.24153e+22	5.3312e+21	5.13826e+33
1.26593e+11	3.24154e+22	5.33121e+21	5.14434e+33
1.26749e+11	3.24156e+22	5.33123e+21	5.15043e+33
1.26904e+11	3.24158e+22	5.33125e+21	5.15652e+33
1.2706e+11	3.2416e+22	5.33128e+21	5.16261e+33
1.27215e+11	3.24163e+22	5.33132e+21	5.16872e+33
1.27371e+11	3.24167e+22	5.33136e+21	5.17482e+33
1.27526e+11	3.24172e+22	5.33141e+21	5.18094e+33
1.27682e+11	3.24178e+22	5.33148e+21	5.18706e+33
1.27837e+11	3.24186e+22	5.33157e+21	5.1932e+33
1.27993e+11	3.24196e+22	5.33167e+21	5.19935e+33
1.28148e+11	3.2421e+22	5.33182e+21	5.20553e+33
1.28304e+11	3.24229e+22	5.332e+21	5.21173e+33
1.2846e+11	3.24255e+22	5.33223e+21	5.21797e+33
1.28615e+11	3.24291e+22	5.33246e+21	5.22421e+33
1.28771e+11	3.24323e+22	5.33232e+21	5.23019e+33
1.28926e+11	3.2429e+22	5.33105e+21	5.23537e+33
1.29082e+11	3.24261e+22	5.33113e+21	5.24151e+33
1.29237e+11	3.24242e+22	5.33156e+21	5.2479e+33
1.29393e+11	3.2422e+22	5.33163e+21	5.25402e+33
1.29548e+11	3.24202e+22	5.33157e+21	5.26006e+33
1.29704e+11	3.24187e+22	5.33149e+21	5.26608e+33
1.29859e+11	3.24175e+22	5.3314e+21	5.2721e+33
1.30015e+11	3.24165e+22	5.33132e+21	5.27812e+33
1.3017e+11	3.24156e+22	5.33125e+21	5.28415e+33
1.30326e+11	3.24149e+22	5.33119e+21	5.29018e+33
1.30481e+11	3.24143e+22	5.33113e+21	5.29622e+33
1.30637e+11	3.24137e+22	5.33108e+21	5.30226e+33
1.30792e+11	3.24132e+22	5.33103e+21	5.30831e+33
1.30948e+11	3.24128e+22	5.33098e+21	5.31435e+33
1.31103e+11	3.24124e+22	5.33094e+21	5.3204e+33
1.31259e+11	3.2412e+22	5.3309e+21	5.32646e+33
1.31414e+11	3.24116e+22	5.33087e+21	5.33251e+33
1.3157e+11	3.24113e+22	5.33083e+21	5.33857e+33
1.31725e+11	3.2411e+22	5.3308e+21	5.34463e+33
1.31881e+11	3.24107e+22	5.33077e+21	5.35068e+33
1.32036e+11	3.24105e+22	5.33074e+21	5.35674e+33
1.32192e+11	3.24102e+22	5.33072e+21	5.36281e+33
1.32348e+11	3.241e+22	5.33069e+21	5.36887e+33
1.32503e+11	3.24097e+22	5.33067e+21	5.37493e+33
1.32659e+11	3.24095e+22	5.33064e+21	5.381e+33
1.32814e+11	3.24093e+22	5.33062e+21	5.38706e+33
1.3297e+11	3.24091e+22	5.3306e+21	5.39313e+33
1.33125e+11	3.24089e+22	5.33058e+21	5.39919e+33
1.33281e+11	3.24087e+22	5.33056e+21	5.40526e+33
1.33436e+11	3.24086e+22	5.33054e+21	5.41133e+33
1.33592e+11	3.24084e+22	5.33052e+21	5.4174e+33
1.33747e+11	3.24082e+22	5.33051e+21	5.42347e+33
1.33903e+11	3.24081e+22	5.33049e+21	5.42954e+33
1.34058e+11	3.24079e+22	5.33047e+21	5.43561e+33
1.34214e+11	3.24078e+22	5.33046e+21	5.44168e+33
1.34369e+11	3.24076e+22	5.33044e+21	5.44775e+33
1.34525e+11	3.24075e+22	5.33043e+21	5.45382e+33
1.3468e+11	3.24074e+22	5.33042e+21	5.4599e+33
1.34836e+11	3.24073e+22	5.3304e+21	5.46597e+33
1.34991e+11	3.24072e+22	5.33039e+21	5.47204e+33
1.35147e+11	3.2407e+22	5.33038e+21	5.47812e+33
1.35302e+11	3.24069e+22	5.33037e+21	5.48419e+33
1.35458e+11	3.24068e+22	5.33036e+21	5.49027e+33
1.35613e+11	3.24068e+22	5.33035e+21	5.49635e+33
1.35769e+11	3.24067e+22	5.33034e+21	5.50242e+33
1.35924e+11	3.24066e+22	5.33033e+21	5.5085e+33
1.3608e+11	3.24065e+22	5.33033e+21	5.51458e+33
1.36236e+11	3.24065e+22	5.33032e+21	5.52066e+33
1.36391e+11	3.24064e+22	5.33031e+21	5.52674e+33
1.36547e+11	3.24064e+22	5.33031e+21	5.53282e+33
1.36702e+11	3.24063e+22	5.3303e+21	5.5389e+33
1.36858e+11	3.24063e+22	5.3303e+21	5.54498e+33
1.37013e+11	3.24063e+22	5.3303e+21	5.55107e+33
1.37169e+11	3.24063e+22	5.3303e+21	5.55715e+33
1.37324e+11	3.24063e+22	5.3303e+21	5.56324e+33
1.3748e+11	3.24063e+22	5.3303e+21	5.56933e+33
1.37635e+11	3.24063e+22	5.33031e+21	5.57541e+33
1.37791e+11	3.24064e+22	5.33031e+21	5.5815e+33
1.37946e+11	3.24064e+22	5.33032e+21	5.5876e+33
1.38102e+11	3.24065e+22	5.33033e+21	5.59369e+33
1.38257e+11	3.24067e+22	5.33035e+21	5.59979e+33
1.38413e+11	3.24068e+22	5.33037e+21	5.60589e+33
1.38568e+11	3.2407e+22	5.33039e+21	5.61199e+33
1.38724e+11	3.24072e+22	5.33041e+21	5.61809e+33
1.38879e+11	3.24075e+22	5.33045e+21	5.62421e+33
1.39035e+11	3.24079e+22	5.33049e+21	5.63032e+33
1.3919e+11	3.24083e+22	5.33054e+21	5.63645e+33
1.39346e+11	3.24089e+22	5.3306e+21	5.64258e+33
1.39501e+11	3.24096e+22	5.33067e+21	5.64872e+33
1.39657e+11	3.24105e+22	5.33077e+21	5.65488e+33
1.39812e+11	3.24116e+22	5.33089e+21	5.66106e+33
1.39968e+11	3.24132e+22	5.33104e+21	5.66727e+33
1.40124e+11	3.24153e+22	5.33124e+21	5.67351e+33
1.40279e+11	3.24183e+22	5.33149e+21	5.67978e+33
1.40435e+11	3.24221e+22	5.33168e+21	5.68601e+33
1.4059e+11	3.24241e+22	5.33121e+21	5.69175e+33
1.40746e+11	3.24193e+22	5.33002e+21	5.69693e+33
1.40901e+11	3.24174e+22	5.33051e+21	5.70339e+33
1.41057e+11	3.24154e+22	5.3308e+21	5.7097e+33
1.41212e+11	3.24133e+22	5.33081e+21	5.7158e+33
1.41368e+11	3.24116e+22	5.33074e+21	5.72184e+33
1.41523e+11	3.24102e+22	5.33066e+21	5.72786e+33
1.41679e+11	3.24091e+22	5.33058e+21	5.73389e+33
1.41834e+11	3.24082e+22	5.33051e+21	5.73992e+33
1.4199e+11	3.24075e+22	5.33044e+21	5.74596e+33
1.42145e+11	3.24068e+22	5.33038e+21	5.752e+33
1.42301e+11	3.24062e+22	5.33032e+21	5.75805e+33
1.42456e+11	3.24057e+22	5.33028e+21	5.7641e+33
1.42612e+11	3.24053e+22	5.33023e+21	5.77015e+33
1.42767e+11	3.24049e+22	5.33019e+21	5.77621e+33
1.42923e+11	3.24045e+22	5.33015e+21	5.78227e+33
1.43078e+11	3.24041e+22	5.33012e+21	5.78833e+33
1.43234e+11	3.24038e+22	5.33008e+21	5.7944e+33
1.43389e+11	3.24036e+22	5.33005e+21	5.80046e+33
1.43545e+11	3.24033e+22	5.33003e+21	5.80653e+33
1.437e+11	3.2403e+22	5.33e+21	5.8126e+33
1.43856e+11	3.24028e+22	5.32997e+21	5.81867e+33
1.44012e+11	3.24026e+22	5.32995e+21	5.82474e+33
1.44167e+11	3.24024e+22	5.32993e+21	5.83082e+33
1.44323e+11	3.24022e+22	5.32991e+21	5.83689e+33
1.44478e+11	3.2402e+22	5.32989e+21	5.84297e+33
1.44634e+11	3.24018e+22	5.32987e+21	5.84904e+33
1.44789e+11	3.24017e+22	5.32985e+21	5.85512e+33
1.44945e+11	3.24015e+22	5.32983e+21	5.8612e+33
1.451e+11	3.24013e+22	5.32982e+21	5.86727e+33
1.45256e+11	3.24012e+22	5.3298e+21	5.87335e+33
1.45411e+11	3.24011e+22	5.32979e+21	5.87943e+33
1.45567e+11	3.24009e+22	5.32977e+21	5.88551e+33
1.45722e+11	3.24008e+22	5.32976e+21	5.89159e+33
1.45878e+11	3.24007e+22	5.32975e+21	5.89768e+33
1.46033e+11	3.24006e+22	5.32974e+21	5.90376e+33
1.46189e+11	3.24005e+22	5.32972e+21	5.90984e+33
1.46344e+11	3.24004e+22	5.32971e+21	5.91593e+33
1.465e+11	3.24003e+22	5.3297e+21	5.92201e+33
1.46655e+11	3.24002e+22	5.32969e+21	5.92809e+33
1.46811e+11	3.24001e+22	5.32969e+21	5.93418e+33
1.46966e+11	3.24e+22	5.32968e+21	5.94027e+33
1.47122e+11	3.23999e+22	5.32967e+21	5.94635e+33
1.47277e+11	3.23999e+22	5.32966e+21	5.95244e+33
1.47433e+11	3.23998e+22	5.32966e+21	5.95853e+33
1.47588e+11	3.23998e+22	5.32965e+21	5.96462e+33
1.47744e+11	3.23997e+22	5.32965e+21	5.97071e+33
1.479e+11	3.23997e+22	5.32965e+21	5.9768e+33
1.48055e+11	3.23996e+22	5.32964e+21	5.98289e+33
1.48211e+11	3.23996e+22	5.32964e+21	5.98898e+33
1.48366e+11	3.23996e+22	5.32964e+21	5.99507e+33
1.48522e+11	3.23995e+22	5.32964e+21	6.00116e+33
1.48677e+11	3.23995e+22	5.32964e+21	6.00726e+33
1.48833e+11	3.23995e+22	5.32964e+21	6.01335e+33
1.48988e+11	3.23996e+22	5.32965e+21	6.01945e+33
1.49144e+11	3.23996e+22	5.32965e+21	6.02555e+33
1.49299e+11	3.23996e+22	5.32966e+21	6.03165e+33
1.49455e+11	3.23997e+22	5.32967e+21	6.03775e+33
1.4961e+11	3.23997e+22	5.32968e+21	6.04385e+33
1.49766e+11	3.23998e+22	5.32969e+21	6.04996e+33
1.49921e+11	3.24e+22	5.3297e+21	6.05606e+33
1.50077e+11	3.24001e+22	5.32972e+21	6.06217e+33
1.50232e+11	3.24003e+22	5.32975e+21	6.06829e+33
1.50388e+11	3.24005e+22	5.32977e+21	6.0744e+33
1.50543e+11	3.24008e+22	5.3298e+21	6.08052e+33
1.50699e+11	3.24011e+22	5.32984e+21	6.08665e+33
1.50854e+11	3.24015e+22	5.32989e+21	6.09278e+33
1.5101e+11	3.24019e+22	5.32994e+21	6.09892e+33
1.51165e+11	3.24026e+22	5.33001e+21	6.10507e+33
1.51321e+11	3.24033e+22	5.33009e+21	6.11124e+33
1.51476e+11	3.24043e+22	5.3302e+21	6.11742e+33
1.51632e+11	3.24056e+22	5.33033e+21	6.12362e+33
1.51788e+11	3.24073e+22	5.3305e+21	6.12986e+33
1.51943e+11	3.24096e+22	5.33072e+21	6.13614e+33
1.52099e+11	3.24129e+22	5.33097e+21	6.14244e+33
1.52254e+11	3.24167e+22	5.33107e+21	6.14862e+33
1.5241e+11	3.24166e+22	5.33019e+21	6.154e+33
1.52565e+11	3.2412e+22	5.3295e+21	6.15951e+33
1.52721e+11	3.24104e+22	5.33007e+21	6.16609e+33
1.52876e+11	3.24083e+22	5.33024e+21	6.17233e+33
1.53032e+11	3.24063e+22	5.33022e+21	6.1784e+33
1.53187e+11	3.24047e+22	5.33014e+21	6.18444e+33
1.53343e+11	3.24034e+22	5.33006e+21	6.19047e+33
1.53498e+11	3.24024e+22	5.32999e+21	6.1965e+33
1.53654e+11	3.24015e+22	5.32992e+21	6.20254e+33
1.53809e+11	3.24008e+22	5.32985e+21	6.20859e+33
1.53965e+11	3.24002e+22	5.3298e+21	6.21464e+33
1.5412e+11	3.23996e+22	5.32975e+21	6.22069e+33
1.54276e+11	3.23991e+22	5.3297e+21	6.22675e+33
1.54431e+11	3.23987e+22	5.32966e+21	6.23282e+33
1.54587e+11	3.23983e+22	5.32962e+21	6.23888e+33
1.54742e+11	3.23979e+22	5.32959e+21	6.24495e+33
1.54898e+11	3.23976e+22	5.32955e+21	6.25102e+33
1.55053e+11	3.23973e+22	5.32952e+21	6.25709e+33
1.55209e+11	3.2397e+22	5.3295e+21	6.26317e+33
1.55364e+11	3.23968e+22	5.32947e+21	6.26924e+33
1.5552e+11	3.23965e+22	5.32945e+21	6.27532e+33
1.55676e+11	3.23963e+22	5.32942e+21	6.2814e+33
1.55831e+11	3.23961e+22	5.3294e+21	6.28748e+33
1.55987e+11	3.23959e+22	5.32938e+21	6.29356e+33
1.56142e+11	3.23957e+22	5.32936e+21	6.29964e+33
1.56298e+11	3.23955e+22	5.32934e+21	6.30573e+33
1.56453e+11	3.23953e+22	5.32932e+21	6.31181e+33
1.56609e+11	3.23952e+22	5.32931e+21	6.3179e+33
1.56764e+11	3.2395e+22	5.32929e+21	6.32398e+33
1.5692e+11	3.23948e+22	5.32928e+21	6.33007e+33
1.57075e+11	3.23947e+22	5.32926e+21	6.33615e+33
1.57231e+11	3.23946e+22	5.32925e+21	6.34224e+33
1.57386e+11	3.23944e+22	5.32924e+21	6.34833e+33
1.57542e+11	3.23943e+22	5.32922e+21	6.35442e+33
