0.000	0.000000000e+00	0.000000000e+00	3.840000000e+08	0.000000000e+00	5.440000000e+06	4.080000000e+06	0.000000000e+00	0.000000000e+00	0.000000000e+00	1.033000000e+03	7.728000000e+03	7.420000000e+03
50000.000	4.137517828e+04	1.856039327e+03	3.806347437e+08	5.149903876e+07	9.988773626e+07	1.120062502e+08	1.652423591e+00	1.112857027e-01	-1.344001205e+02	1.023948561e+03	1.136074473e+03	1.360228244e+03
100000.000	1.647275379e+05	1.480242303e+04	3.706018610e+08	1.020960427e+08	1.459055648e+08	1.676943545e+08	3.273982947e+00	4.428516432e-01	-2.662898936e+02	9.969805952e+02	7.556220936e+02	9.230336296e+02
150000.000	3.677563053e+05	4.970156575e+04	3.540884858e+08	1.509075157e+08	1.781443996e+08	2.072579426e+08	4.834561269e+00	9.878954013e-01	-3.932197654e+02	9.526493795e+02	5.491338483e+02	6.759483142e+02
200000.000	6.466885763e+05	1.169670621e+05	3.314014877e+08	1.970864665e+08	2.018594891e+08	2.363721527e+08	6.305505264e+00	1.735312435e+00	-5.128592156e+02	8.918581030e+02	4.070052556e+02	4.958055425e+02
250000.000	9.963691902e+05	2.263564701e+05	3.029601626e+08	2.398392626e+08	2.194950030e+08	2.573440602e+08	7.660280853e+00	2.670031311e+00	-6.230500912e+02	8.158326032e+02	3.050632820e+02	3.465442502e+02
300000.000	1.410381360e+06	3.867836324e+05	2.692864207e+08	2.784408953e+08	2.334603800e+08	2.713425479e+08	8.875044080e+00	3.773456390e+00	-7.218530403e+02	7.260853590e+02	2.775188278e+02	2.205500958e+02
350000.000	1.881193332e+06	6.061553340e+05	2.309928584e+08	3.122482651e+08	2.500290750e+08	2.858167121e+08	9.929108852e+00	5.023994382e+00	-8.075855565e+02	6.243726640e+02	2.996265448e+02	4.109550816e+02
400000.000	2.400325600e+06	8.912358361e+05	1.887691576e+08	3.407111997e+08	2.605832634e+08	3.059581856e+08	1.080530020e+01	6.397638299e+00	-8.788507107e+02	5.126471302e+02	1.411359463e+02	3.727755470e+02
450000.000	2.958532821e+06	1.247541476e+06	1.433672897e+08	3.633810271e+08	2.650641635e+08	3.225462364e+08	1.149018893e+01	7.868581633e+00	-9.345562388e+02	3.930077337e+02	4.260181670e+01	2.897699417e+02
500000.000	3.545994546e+06	1.679266185e+06	9.558600218e+07	3.799166332e+08	2.651254304e+08	3.349095665e+08	1.197421044e+01	9.409836906e+00	-9.739242003e+02	2.676495050e+02	-3.832754573e+01	2.047382444e+02
550000.000	4.152509151e+06	2.189237565e+06	4.625504592e+07	3.900880346e+08	2.613606775e+08	3.430147683e+08	1.225167585e+01	1.099383568e+01	-9.964918914e+02	1.388147270e+02	-1.113573450e+02	1.193281306e+02
600000.000	4.767685899e+06	2.778902090e+06	-3.780447099e+06	3.937775821e+08	2.540533741e+08	3.468147373e+08	1.232068857e+01	1.259299129e+01	-1.002105052e+03	8.747165886e+00	-1.805227223e+02	3.224072909e+01
650000.000	5.381130785e+06	3.448337221e+06	-5.367507885e+07	3.909789753e+08	2.433309688e+08	3.461779384e+08	1.218298159e+01	1.418021026e+01	-9.909046338e+02	-1.203495264e+02	-2.483210300e+02	-5.851988037e+01
700000.000	5.982622615e+06	4.196287608e+06	-1.025975070e+08	3.817943185e+08	2.292099390e+08	3.408585661e+08	1.184369263e+01	1.572934339e+01	-9.633085152e+02	-2.463485023e+02	-3.168014182e+02	-1.555634024e+02
750000.000	6.562276645e+06	5.020222233e+06	-1.497437544e+08	3.664294723e+08	2.116045708e+08	3.304575801e+08	1.131109403e+01	1.721557220e+01	-9.199895282e+02	-3.672311451e+02	-3.880734784e+02	-2.625072441e+02
800000.000	7.110693914e+06	5.916409249e+06	-1.943493551e+08	3.451879671e+08	1.903129551e+08	3.143530772e+08	1.059629318e+01	1.861573019e+01	-8.618510940e+02	-4.811132051e+02	-4.647615879e+02	-3.848551333e+02
850000.000	7.619095159e+06	6.880005308e+06	-2.357002466e+08	3.184637372e+08	1.649755041e+08	2.915639828e+08	9.712917391e+00	1.990856221e+01	-7.900015916e+02	-5.862658907e+02	-5.507069690e+02	-5.319518028e+02
900000.000	8.079438823e+06	7.905156423e+06	-2.731423675e+08	2.867329177e+08	1.349818160e+08	2.604531554e+08	8.676794636e+00	2.107492715e+01	-7.057283920e+02	-6.811323581e+02	-6.524785622e+02	-7.220362747e+02
950000.000	8.484523197e+06	8.985107685e+06	-3.060899657e+08	2.505449199e+08	9.924929117e+07	2.179564021e+08	7.505639030e+00	2.209795121e+01	-6.104722753e+02	-7.643401732e+02	-7.835430261e+02	-9.988866807e+02
1000000.000	8.828073070e+06	1.011231958e+07	-3.340326462e+08	2.105129715e+08	5.558232717e+07	1.568136457e+08	6.218747102e+00	2.296313945e+01	-5.058027275e+02	-8.347103885e+02	-9.797468054e+02	-1.517322259e+03
1050000.000	9.104811564e+06	1.127858900e+07	-3.565412130e+08	1.673042731e+08	-3.647371165e+05	3.815057770e+07	4.836708498e+00	2.365845384e+01	-3.933944105e+02	-8.912638884e+02	-9.286865871e+02	-4.998343000e+03
1100000.000	9.310517874e+06	1.247517350e+07	-3.732723666e+08	1.216298937e+08	1.256050655e+08	8.377797691e+07	3.381132453e+00	2.417436527e+01	-2.750049147e+02	-9.332256225e+02	1.371306563e+03	1.487247020e+03
1150000.000	9.442071740e+06	1.369291760e+07	-3.839723200e+08	7.423449455e+07	1.784768426e+08	1.475823325e+08	1.874389434e+00	2.450388653e+01	-1.524537455e+02	-9.600272834e+02	8.323731338e+02	1.111174300e+03
1200000.000	9.497485319e+06	1.492238046e+07	-3.884793918e+08	2.588594921e+07	2.131448771e+08	1.974048220e+08	3.393658331e-01	2.464259167e+01	-2.760237089e+01	-9.713088861e+02	5.766752234e+02	8.961075920e+02
1250000.000	9.475923064e+06	1.615396416e+07	-3.867256225e+08	-2.263509620e+07	2.375807690e+08	2.381645755e+08	-1.200771636e+00	2.458862624e+01	9.766494093e+01	-9.669196005e+02	4.102318845e+02	7.409743382e+02
1300000.000	9.377709974e+06	1.737804249e+07	-3.787374461e+08	-7.054569027e+07	2.548542648e+08	2.719991265e+08	-2.722805932e+00	2.434271116e+01	2.214598285e+02	-9.469180604e+02	2.857355711e+02	6.161215083e+02
1350000.000	9.204328392e+06	1.858508961e+07	-3.646354291e+08	-1.170710483e+08	2.665424071e+08	3.000657337e+08	-4.203698668e+00	2.390814118e+01	3.419084611e+02	-9.115722460e+02	1.847991211e+02	5.087878268e+02
1400000.000	8.958403280e+06	1.976580863e+07	-3.446330734e+08	-1.614550073e+08	2.735749328e+08	3.230558913e+08	-5.620822697e+00	2.329077780e+01	4.571704564e+02	-8.613589025e+02	9.842710784e+01	4.122138070e+02
1450000.000	8.643675691e+06	2.091125965e+07	-3.190346577e+08	-2.029704371e+08	2.765419002e+08	3.413967414e+08	-6.952202683e+00	2.249903428e+01	5.654584471e+02	-7.969623250e+02	2.152048461e+01	3.222573348e+02
1500000.000	8.264963916e+06	2.201298666e+07	-2.882320788e+08	-2.409295687e+08	2.758303607e+08	3.553437075e+08	-8.176767374e+00	2.154384934e+01	6.650585997e+02	-7.192722150e+02	-4.915253039e+01	2.360456611e+02
1550000.000	7.828111689e+06	2.306314290e+07	-2.527006374e+08	-2.746941841e+08	2.716925882e+08	3.650261036e+08	-9.274616274e+00	2.043864427e+01	7.543523045e+02	-6.293801947e+02	-1.158526285e+02	1.513297664e+02
1600000.000	7.339922646e+06	2.405461343e+07	-2.129937084e+08	-3.036855879e+08	2.642820642e+08	3.704683268e+08	-1.022730205e+01	1.919925724e+01	8.318391447e+02	-5.285744649e+02	-1.803269789e+02	6.611165599e+01
1650000.000	6.808080290e+06	2.498113369e+07	-1.697362307e+08	-3.273942527e+08	2.536718594e+08	3.715953707e+08	-1.101812819e+01	1.784384750e+01	8.961611075e+02	-4.183320103e+02	-2.440818527e+02	-2.162994342e+01
1700000.000	6.241052731e+06	2.583740245e+07	-1.236169592e+08	-3.453890005e+08	2.398615236e+08	3.682249791e+08	-1.163245940e+01	1.639276144e+01	9.461278288e+02	-3.003077080e+02	-3.085830052e+02	-1.142141066e+02
1750000.000	5.647981698e+06	2.661918680e+07	-7.537943780e+07	-3.573255478e+08	2.227743195e+08	3.600441477e+08	-1.205803969e+01	1.486835261e+01	9.807424654e+02	-1.763196879e+02	-3.754517440e+02	-2.146279559e+02
1800000.000	5.038555590e+06	2.732341696e+07	-2.581167403e+07	-3.629542131e+08	2.022433834e+08	3.465616761e+08	-1.228531057e+01	1.329474811e+01	9.992275761e+02	-4.833033022e+01	-4.467255039e+02	-3.271513243e+02
1850000.000	4.422866845e+06	2.794826784e+07	2.426546236e+07	-3.621265534e+08	1.779809668e+08	3.270163400e+08	-1.230771904e+01	1.169755507e+01	1.001050172e+03	8.157760551e+01	-5.253023275e+02	-4.586000074e+02
1900000.000	3.811254405e+06	2.849322442e+07	7.401105184e+07	-3.548006785e+08	1.495154998e+08	3.001887587e+08	-1.212200255e+01	1.010350307e+01	9.859448939e+02	2.112300640e+02	-6.158594050e+02	-6.212169264e+02
1950000.000	3.214132838e+06	2.895912753e+07	1.225780240e+08	-3.410449776e+08	1.160549553e+08	2.639639395e+08	-1.172843579e+01	8.540021269e+00	9.539340829e+02	3.383960902e+02	-7.271349520e+02	-8.408458964e+02
2000000.000	2.641810406e+06	2.934819695e+07	1.691279547e+08	-3.210399971e+08	7.614158594e+07	2.140588113e+08	-1.113102288e+01	7.034752711e+00	9.053434139e+02	4.608273340e+02	-8.790990586e+02	-1.188341169e+03
2050000.000	2.104299251e+06	2.966402878e+07	2.128465051e+08	-2.950782266e+08	2.651406801e+07	1.381322872e+08	-1.033761771e+01	5.615012715e+00	8.408116859e+02	5.763020993e+02	-1.133518023e+03	-2.012436112e+03
2100000.000	1.611121698e+06	2.991156458e+07	2.529591753e+08	-2.635615876e+08	6.847047542e+07	5.387071360e+07	-9.359956275e+00	4.307203271e+00	7.612934464e+02	6.826729765e+02	2.363363237e+03	1.940176123e+03
2150000.000	1.171117453e+06	3.009703041e+07	2.887469865e+08	-2.269964786e+08	1.439622983e+08	1.304410642e+08	-8.213586521e+00	3.136200039e+00	6.680532906e+02	7.779166998e+02	1.062342711e+03	1.263668226e+03
2200000.000	7.922570912e+05	3.022784505e+07	3.195616508e+08	-1.859863072e+08	1.868466491e+08	1.859237298e+08	-6.917685433e+00	2.124733208e+00	5.626509814e+02	8.601845061e+02	6.969127886e+02	9.812342476e+02
2250000.000	4.814676408e+05	3.031249758e+07	3.448397573e+08	-1.412215330e+08	2.161493590e+08	2.301328849e+08	-5.494757877e+00	1.292786921e+00	4.469169554e+02	9.278509820e+02	4.899901520e+02	7.970667903e+02
2300000.000	2.444761670e+05	3.036039591e+07	3.641154943e+08	-9.346735117e+07	2.368580341e+08	2.663342726e+08	-3.970218294e+00	6.570441015e-01	3.229182999e+02	9.795592195e+02	3.454057802e+02	6.560334623e+02
