0	3.82324e+22	5.85176e+21	1.06216e+33
8.64e+07	3.82308e+22	5.85163e+21	1.06215e+33
1.728e+08	3.82295e+22	5.85152e+21	1.06217e+33
2.592e+08	3.82285e+22	5.85143e+21	1.06221e+33
3.456e+08	3.82278e+22	5.85135e+21	1.06228e+33
4.32e+08	3.82273e+22	5.85129e+21	1.06237e+33
5.184e+08	3.82269e+22	5.85124e+21	1.06248e+33
6.048e+08	3.82266e+22	5.85119e+21	1.06261e+33
6.912e+08	3.82264e+22	5.85114e+21	1.06276e+33
7.776e+08	3.82261e+22	5.85108e+21	1.06293e+33
8.64e+08	3.82258e+22	5.85102e+21	1.06312e+33
9.504e+08	3.82254e+22	5.85097e+21	1.06333e+33
1.0368e+09	3.82252e+22	5.85093e+21	1.06357e+33
1.1232e+09	3.82252e+22	5.85092e+21	1.06383e+33
1.2096e+09	3.82255e+22	5.85095e+21	1.06412e+33
1.296e+09	3.82264e+22	5.85102e+21	1.06443e+33
1.3824e+09	3.82279e+22	5.85116e+21	1.06477e+33
1.4688e+09	3.82302e+22	5.85139e+21	1.06514e+33
1.5552e+09	3.82327e+22	5.85171e+21	1.06555e+33
1.6416e+09	3.82343e+22	5.852e+21	1.06597e+33
1.728e+09	3.8235e+22	5.85222e+21	1.06641e+33
1.8144e+09	3.82356e+22	5.8524e+21	1.06686e+33
1.9008e+09	3.82365e+22	5.85259e+21	1.06733e+33
1.9872e+09	3.82378e+22	5.85281e+21	1.06783e+33
2.0736e+09	3.82394e+22	5.85306e+21	1.06835e+33
2.16e+09	3.8241e+22	5.85331e+21	1.0689e+33
2.2464e+09	3.82424e+22	5.85353e+21	1.06946e+33
2.3328e+09	3.82433e+22	5.85368e+21	1.07003e+33
2.4192e+09	3.82434e+22	5.85374e+21	1.07061e+33
2.5056e+09	3.82429e+22	5.85369e+21	1.0712e+33
2.592e+09	3.82418e+22	5.85358e+21	1.07181e+33
2.6784e+09	3.82405e+22	5.85341e+21	1.07242e+33
2.7648e+09	3.8239e+22	5.85323e+21	1.07306e+33
2.8512e+09	3.82375e+22	5.85304e+21	1.07371e+33
2.9376e+09	3.82361e+22	5.85287e+21	1.07439e+33
3.024e+09	3.82348e+22	5.8527e+21	1.07508e+33
3.1104e+09	3.82336e+22	5.85256e+21	1.0758e+33
3.1968e+09	3.82326e+22	5.85243e+21	1.07654e+33
3.2832e+09	3.82317e+22	5.85231e+21	1.07729e+33
3.3696e+09	3.8231e+22	5.85222e+21	1.07807e+33
3.456e+09	3.82304e+22	5.85214e+21	1.07887e+33
3.5424e+09	3.823e+22	5.85209e+21	1.07969e+33
3.6288e+09	3.82297e+22	5.85206e+21	1.08053e+33
3.7152e+09	3.82296e+22	5.85204e+21	1.0814e+33
3.8016e+09	3.82297e+22	5.85205e+21	1.08228e+33
3.888e+09	3.82301e+22	5.8521e+21	1.08318e+33
3.9744e+09	3.82309e+22	5.85217e+21	1.08411e+33
4.0608e+09	3.82321e+22	5.8523e+21	1.08506e+33
4.1472e+09	3.82342e+22	5.85251e+21	1.08603e+33
4.2336e+09	3.82376e+22	5.85285e+21	1.08704e+33
4.32e+09	3.82434e+22	5.85342e+21	1.0881e+33
4.4064e+09	3.82519e+22	5.85418e+21	1.08919e+33
4.4928e+09	3.82509e+22	5.85379e+21	1.09017e+33
4.5792e+09	3.82379e+22	5.85219e+21	1.09102e+33
4.6656e+09	3.82276e+22	5.851e+21	1.09194e+33
4.752e+09	3.82205e+22	5.85024e+21	1.09292e+33
4.8384e+09	3.82155e+22	5.84974e+21	1.09395e+33
4.9248e+09	3.82119e+22	5.84938e+21	1.09502e+33
5.0112e+09	3.8209e+22	5.84912e+21	1.09611e+33
5.0976e+09	3.82065e+22	5.8489e+21	1.09723e+33
5.184e+09	3.82043e+22	5.84871e+21	1.09836e+33
5.2704e+09	3.82023e+22	5.84854e+21	1.09952e+33
5.3568e+09	3.82004e+22	5.84839e+21	1.10069e+33
5.4432e+09	3.81986e+22	5.84824e+21	1.10188e+33
5.5296e+09	3.81969e+22	5.84811e+21	1.10309e+33
5.616e+09	3.81952e+22	5.84798e+21	1.10432e+33
5.7024e+09	3.81937e+22	5.84785e+21	1.10557e+33
5.7888e+09	3.81921e+22	5.84773e+21	1.10683e+33
5.8752e+09	3.81906e+22	5.84761e+21	1.1081e+33
5.9616e+09	3.81891e+22	5.84749e+21	1.1094e+33
6.048e+09	3.81875e+22	5.84737e+21	1.11071e+33
6.1344e+09	3.8186e+22	5.84726e+21	1.11204e+33
6.2208e+09	3.81844e+22	5.84714e+21	1.11338e+33
6.3072e+09	3.8183e+22	5.84704e+21	1.11474e+33
6.3936e+09	3.81816e+22	5.84694e+21	1.11612e+33
6.48e+09	3.81804e+22	5.84687e+21	1.11751e+33
6.5664e+09	3.81794e+22	5.8468e+21	1.11893e+33
6.6528e+09	3.81785e+22	5.84676e+21	1.12036e+33
6.7392e+09	3.81778e+22	5.84673e+21	1.12181e+33
6.8256e+09	3.81773e+22	5.84673e+21	1.12328e+33
6.912e+09	3.81771e+22	5.84674e+21	1.12476e+33
6.9984e+09	3.8177e+22	5.84677e+21	1.12627e+33
7.0848e+09	3.8177e+22	5.84682e+21	1.12779e+33
7.1712e+09	3.81769e+22	5.84688e+21	1.12932e+33
7.2576e+09	3.81768e+22	5.84694e+21	1.13088e+33
7.344e+09	3.81767e+22	5.84703e+21	1.13245e+33
7.4304e+09	3.81769e+22	5.84715e+21	1.13404e+33
7.5168e+09	3.81776e+22	5.84733e+21	1.13565e+33
7.6032e+09	3.81789e+22	5.84759e+21	1.13729e+33
7.6896e+09	3.81809e+22	5.84795e+21	1.13896e+33
7.776e+09	3.8184e+22	5.84842e+21	1.14065e+33
7.8624e+09	3.8188e+22	5.84901e+21	1.14238e+33
7.9488e+09	3.81925e+22	5.84964e+21	1.14412e+33
8.0352e+09	3.81953e+22	5.85003e+21	1.14585e+33
8.1216e+09	3.81935e+22	5.84979e+21	1.14751e+33
8.208e+09	3.81869e+22	5.84891e+21	1.14911e+33
8.2944e+09	3.81786e+22	5.84781e+21	1.1507e+33
8.3808e+09	3.81711e+22	5.8468e+21	1.15231e+33
8.4672e+09	3.81648e+22	5.84597e+21	1.15396e+33
8.5536e+09	3.81599e+22	5.84531e+21	1.15564e+33
8.64e+09	3.8156e+22	5.84478e+21	1.15735e+33
8.7264e+09	3.8153e+22	5.84437e+21	1.15909e+33
8.8128e+09	3.81507e+22	5.84405e+21	1.16086e+33
8.8992e+09	3.8149e+22	5.84381e+21	1.16265e+33
8.9856e+09	3.81474e+22	5.84362e+21	1.16446e+33
9.072e+09	3.81453e+22	5.84344e+21	1.16628e+33
9.1584e+09	3.8143e+22	5.84325e+21	1.16812e+33
9.2448e+09	3.81407e+22	5.84306e+21	1.16997e+33
9.3312e+09	3.81386e+22	5.84287e+21	1.17183e+33
9.4176e+09	3.81366e+22	5.8427e+21	1.17371e+33
9.504e+09	3.81349e+22	5.84254e+21	1.1756e+33
9.5904e+09	3.81333e+22	5.84239e+21	1.17751e+33
9.6768e+09	3.81318e+22	5.84224e+21	1.17943e+33
9.7632e+09	3.81304e+22	5.84211e+21	1.18136e+33
9.8496e+09	3.81291e+22	5.84199e+21	1.18331e+33
9.936e+09	3.81279e+22	5.84187e+21	1.18527e+33
1.00224e+10	3.81267e+22	5.84175e+21	1.18725e+33
1.01088e+10	3.81256e+22	5.84164e+21	1.18923e+33
1.01952e+10	3.81245e+22	5.84153e+21	1.19123e+33
1.02816e+10	3.81235e+22	5.84143e+21	1.19325e+33
1.0368e+10	3.81225e+22	5.84133e+21	1.19527e+33
1.04544e+10	3.81215e+22	5.84123e+21	1.19731e+33
1.05408e+10	3.81206e+22	5.84113e+21	1.19935e+33
1.06272e+10	3.81198e+22	5.84103e+21	1.20141e+33
1.07136e+10	3.8119e+22	5.84094e+21	1.20349e+33
1.08e+10	3.81183e+22	5.84085e+21	1.20557e+33
1.08864e+10	3.81178e+22	5.84076e+21	1.20767e+33
1.09728e+10	3.81174e+22	5.84067e+21	1.20977e+33
1.10592e+10	3.81173e+22	5.84059e+21	1.21189e+33
1.11456e+10	3.81174e+22	5.8405e+21	1.21402e+33
1.1232e+10	3.81178e+22	5.84041e+21	1.21617e+33
1.13184e+10	3.8118e+22	5.84033e+21	1.21832e+33
1.14048e+10	3.81172e+22	5.84025e+21	1.22049e+33
1.14912e+10	3.81155e+22	5.8402e+21	1.22267e+33
1.15776e+10	3.81136e+22	5.84015e+21	1.22487e+33
1.1664e+10	3.81121e+22	5.8401e+21	1.22708e+33
1.17504e+10	3.81109e+22	5.84006e+21	1.22931e+33
1.18368e+10	3.811e+22	5.84003e+21	1.23157e+33
1.19232e+10	3.81092e+22	5.84e+21	1.23384e+33
1.20096e+10	3.81087e+22	5.83998e+21	1.23616e+33
1.2096e+10	3.81084e+22	5.83997e+21	1.23852e+33
1.21824e+10	3.81083e+22	5.83997e+21	1.24096e+33
1.22688e+10	3.81084e+22	5.84e+21	1.24351e+33
1.23552e+10	3.81088e+22	5.84005e+21	1.24626e+33
1.24416e+10	3.81097e+22	5.84013e+21	1.24933e+33
1.2528e+10	3.8111e+22	5.84027e+21	1.25303e+33
1.26144e+10	3.81131e+22	5.84048e+21	1.25791e+33
1.27008e+10	3.81159e+22	5.84077e+21	1.26486e+33
1.27872e+10	3.81185e+22	5.84106e+21	1.2743e+33
1.28736e+10	3.81195e+22	5.84121e+21	1.2842e+33
1.296e+10	3.81191e+22	5.84117e+21	1.29132e+33
1.30464e+10	3.81193e+22	5.84107e+21	1.29435e+33
1.31328e+10	3.81235e+22	5.84107e+21	1.28994e+33
1.32192e+10	3.81632e+22	5.83931e+21	1.15545e+33
1.33056e+10	3.80992e+22	5.83696e+21	1.2143e+33
1.3392e+10	3.8092e+22	5.83682e+21	1.2303e+33
1.34784e+10	3.80886e+22	5.83669e+21	1.23783e+33
1.35648e+10	3.80863e+22	5.83659e+21	1.2431e+33
1.36512e+10	3.80849e+22	5.83652e+21	1.24741e+33
1.37376e+10	3.80844e+22	5.8365e+21	1.25121e+33
1.3824e+10	3.80853e+22	5.83658e+21	1.25472e+33
1.39104e+10	3.80897e+22	5.83693e+21	1.25806e+33
1.39968e+10	3.81116e+22	5.83852e+21	1.26144e+33
1.40832e+10	3.80849e+22	5.8355e+21	1.26407e+33
1.41696e+10	3.80737e+22	5.83438e+21	1.26689e+33
1.4256e+10	3.80678e+22	5.83384e+21	1.26973e+33
1.43424e+10	3.8063e+22	5.83349e+21	1.27256e+33
1.44288e+10	3.80594e+22	5.83327e+21	1.27537e+33
1.45152e+10	3.80567e+22	5.83311e+21	1.27816e+33
1.46016e+10	3.80545e+22	5.83298e+21	1.28093e+33
1.4688e+10	3.80527e+22	5.83287e+21	1.28369e+33
1.47744e+10	3.80511e+22	5.83276e+21	1.28644e+33
1.48608e+10	3.80496e+22	5.83266e+21	1.28918e+33
1.49472e+10	3.80482e+22	5.83257e+21	1.29191e+33
1.50336e+10	3.80469e+22	5.83248e+21	1.29463e+33
1.512e+10	3.80456e+22	5.83239e+21	1.29735e+33
1.52064e+10	3.80444e+22	5.83231e+21	1.30008e+33
1.52928e+10	3.80433e+22	5.83223e+21	1.3028e+33
1.53792e+10	3.80422e+22	5.83215e+21	1.30552e+33
1.54656e+10	3.80412e+22	5.83207e+21	1.30824e+33
1.5552e+10	3.80401e+22	5.83199e+21	1.31097e+33
1.56384e+10	3.80391e+22	5.83191e+21	1.3137e+33
1.57248e+10	3.80382e+22	5.83184e+21	1.31643e+33
1.58112e+10	3.80372e+22	5.83176e+21	1.31916e+33
1.58976e+10	3.80362e+22	5.83168e+21	1.32191e+33
1.5984e+10	3.80351e+22	5.83159e+21	1.32465e+33
1.60704e+10	3.80341e+22	5.8315e+21	1.3274e+33
1.61568e+10	3.8033e+22	5.83141e+21	1.33016e+33
1.62432e+10	3.80319e+22	5.83131e+21	1.33292e+33
1.63296e+10	3.80308e+22	5.83122e+21	1.33569e+33
1.6416e+10	3.80297e+22	5.83113e+21	1.33846e+33
1.65024e+10	3.80287e+22	5.83104e+21	1.34125e+33
1.65888e+10	3.80277e+22	5.83097e+21	1.34404e+33
1.66752e+10	3.80269e+22	5.83089e+21	1.34683e+33
1.67616e+10	3.8026e+22	5.83082e+21	1.34964e+33
1.6848e+10	3.80253e+22	5.83076e+21	1.35245e+33
1.69344e+10	3.80245e+22	5.8307e+21	1.35527e+33
1.70208e+10	3.80237e+22	5.83064e+21	1.3581e+33
1.71072e+10	3.8023e+22	5.83058e+21	1.36094e+33
1.71936e+10	3.80222e+22	5.83051e+21	1.36378e+33
1.728e+10	3.80215e+22	5.83044e+21	1.36663e+33
1.73664e+10	3.80209e+22	5.83037e+21	1.36948e+33
1.74528e+10	3.80204e+22	5.83031e+21	1.37234e+33
1.75392e+10	3.80201e+22	5.83025e+21	1.37521e+33
1.76256e+10	3.80203e+22	5.8302e+21	1.37809e+33
1.7712e+10	3.80214e+22	5.83017e+21	1.38098e+33
1.77984e+10	3.80245e+22	5.83016e+21	1.38388e+33
1.78848e+10	3.80369e+22	5.83019e+21	1.3868e+33
1.79712e+10	3.81108e+22	5.83979e+21	1.3912e+33
1.80576e+10	3.80576e+22	5.83568e+21	1.39349e+33
1.8144e+10	3.80468e+22	5.83479e+21	1.39628e+33
1.82304e+10	3.80417e+22	5.83436e+21	1.39915e+33
1.83168e+10	3.80386e+22	5.8341e+21	1.40205e+33
1.84032e+10	3.80363e+22	5.83392e+21	1.40498e+33
1.84896e+10	3.80346e+22	5.83379e+21	1.40791e+33
1.8576e+10	3.80333e+22	5.83368e+21	1.41086e+33
1.86624e+10	3.80322e+22	5.8336e+21	1.41382e+33
1.87488e+10	3.80313e+22	5.83354e+21	1.41679e+33
1.88352e+10	3.80306e+22	5.83349e+21	1.41977e+33
1.89216e+10	3.80299e+22	5.83345e+21	1.42276e+33
1.9008e+10	3.80294e+22	5.83341e+21	1.42575e+33
1.90944e+10	3.80289e+22	5.83338e+21	1.42875e+33
1.91808e+10	3.80285e+22	5.83335e+21	1.43176e+33
1.92672e+10	3.80279e+22	5.83332e+21	1.43478e+33
1.93536e+10	3.80273e+22	5.83327e+21	1.4378e+33
1.944e+10	3.80266e+22	5.83321e+21	1.44082e+33
1.95264e+10	3.80257e+22	5.83313e+21	1.44385e+33
1.96128e+10	3.80246e+22	5.83304e+21	1.44688e+33
1.96992e+10	3.80235e+22	5.83294e+21	1.44992e+33
1.97856e+10	3.80223e+22	5.83285e+21	1.45297e+33
1.9872e+10	3.80211e+22	5.83275e+21	1.45602e+33
1.99584e+10	3.802e+22	5.83266e+21	1.45908e+33
2.00448e+10	3.80188e+22	5.83258e+21	1.46214e+33
2.01312e+10	3.80178e+22	5.8325e+21	1.46522e+33
2.02176e+10	3.80167e+22	5.83242e+21	1.4683e+33
2.0304e+10	3.80157e+22	5.83235e+21	1.47139e+33
2.03904e+10	3.80146e+22	5.83228e+21	1.47448e+33
2.04768e+10	3.80136e+22	5.83221e+21	1.47758e+33
2.05632e+10	3.80126e+22	5.83213e+21	1.48069e+33
2.06496e+10	3.80115e+22	5.83206e+21	1.4838e+33
2.0736e+10	3.80104e+22	5.83198e+21	1.48692e+33
2.08224e+10	3.80093e+22	5.8319e+21	1.49004e+33
2.09088e+10	3.80082e+22	5.83181e+21	1.49317e+33
2.09952e+10	3.80071e+22	5.83172e+21	1.49631e+33
2.10816e+10	3.80059e+22	5.83163e+21	1.49945e+33
2.1168e+10	3.80048e+22	5.83153e+21	1.50259e+33
2.12544e+10	3.80036e+22	5.83143e+21	1.50575e+33
2.13408e+10	3.80024e+22	5.83133e+21	1.5089e+33
2.14272e+10	3.80012e+22	5.83123e+21	1.51207e+33
2.15136e+10	3.80001e+22	5.83113e+21	1.51524e+33
2.16e+10	3.79989e+22	5.83103e+21	1.51841e+33
2.16864e+10	3.79978e+22	5.83093e+21	1.52159e+33
2.17728e+10	3.79967e+22	5.83083e+21	1.52478e+33
2.18592e+10	3.79956e+22	5.83074e+21	1.52797e+33
2.19456e+10	3.79945e+22	5.83064e+21	1.53117e+33
2.2032e+10	3.79934e+22	5.83055e+21	1.53438e+33
2.21184e+10	3.79924e+22	5.83045e+21	1.53759e+33
2.22048e+10	3.79913e+22	5.83036e+21	1.54081e+33
2.22912e+10	3.79903e+22	5.83027e+21	1.54403e+33
2.23776e+10	3.79894e+22	5.83018e+21	1.54726e+33
2.2464e+10	3.79884e+22	5.83009e+21	1.55049e+33
2.25504e+10	3.79875e+22	5.83001e+21	1.55374e+33
2.26368e+10	3.79866e+22	5.82992e+21	1.55698e+33
2.27232e+10	3.79858e+22	5.82984e+21	1.56023e+33
2.28096e+10	3.7985e+22	5.82976e+21	1.56349e+33
2.2896e+10	3.79843e+22	5.82969e+21	1.56676e+33
2.29824e+10	3.79837e+22	5.82962e+21	1.57003e+33
2.30688e+10	3.79833e+22	5.82955e+21	1.5733e+33
2.31552e+10	3.79832e+22	5.8295e+21	1.57659e+33
2.32416e+10	3.79838e+22	5.82946e+21	1.57988e+33
2.3328e+10	3.79859e+22	5.82949e+21	1.58319e+33
2.34144e+10	3.7996e+22	5.8298e+21	1.58655e+33
2.35008e+10	3.80618e+22	5.83772e+21	1.59127e+33
2.35872e+10	3.80175e+22	5.83476e+21	1.59407e+33
2.36736e+10	3.80103e+22	5.83428e+21	1.59731e+33
2.376e+10	3.80068e+22	5.83403e+21	1.60059e+33
2.38464e+10	3.80045e+22	5.83387e+21	1.6039e+33
2.39328e+10	3.80027e+22	5.83374e+21	1.60722e+33
2.40192e+10	3.80012e+22	5.83362e+21	1.61055e+33
2.41056e+10	3.79998e+22	5.83352e+21	1.61388e+33
2.4192e+10	3.79986e+22	5.83343e+21	1.61722e+33
2.42784e+10	3.79974e+22	5.83334e+21	1.62056e+33
2.43648e+10	3.79964e+22	5.83325e+21	1.62391e+33
2.44512e+10	3.79953e+22	5.83317e+21	1.62727e+33
2.45376e+10	3.79943e+22	5.83309e+21	1.63063e+33
2.4624e+10	3.79934e+22	5.83302e+21	1.634e+33
2.47104e+10	3.79924e+22	5.83295e+21	1.63737e+33
2.47968e+10	3.79915e+22	5.83287e+21	1.64075e+33
2.48832e+10	3.79906e+22	5.8328e+21	1.64413e+33
2.49696e+10	3.79897e+22	5.83274e+21	1.64752e+33
2.5056e+10	3.79889e+22	5.83267e+21	1.65091e+33
2.51424e+10	3.7988e+22	5.8326e+21	1.6543e+33
2.52288e+10	3.79872e+22	5.83254e+21	1.6577e+33
2.53152e+10	3.79864e+22	5.83248e+21	1.66111e+33
2.54016e+10	3.79856e+22	5.83242e+21	1.66452e+33
2.5488e+10	3.79848e+22	5.83236e+21	1.66794e+33
2.55744e+10	3.79841e+22	5.8323e+21	1.67136e+33
2.56608e+10	3.79833e+22	5.83224e+21	1.67478e+33
2.57472e+10	3.79826e+22	5.83219e+21	1.67821e+33
2.58336e+10	3.79819e+22	5.83214e+21	1.68165e+33
2.592e+10	3.79812e+22	5.83208e+21	1.68508e+33
2.60064e+10	3.79805e+22	5.83203e+21	1.68853e+33
2.60928e+10	3.79799e+22	5.83199e+21	1.69198e+33
2.61792e+10	3.79792e+22	5.83194e+21	1.69543e+33
2.62656e+10	3.79786e+22	5.8319e+21	1.69889e+33
2.6352e+10	3.7978e+22	5.83186e+21	1.70235e+33
2.64384e+10	3.79774e+22	5.83182e+21	1.70582e+33
2.65248e+10	3.79769e+22	5.83178e+21	1.70929e+33
2.66112e+10	3.79764e+22	5.83175e+21	1.71276e+33
2.66976e+10	3.79759e+22	5.83172e+21	1.71624e+33
2.6784e+10	3.79754e+22	5.83169e+21	1.71973e+33
2.68704e+10	3.7975e+22	5.83167e+21	1.72322e+33
2.69568e+10	3.79746e+22	5.83165e+21	1.72672e+33
2.70432e+10	3.79743e+22	5.83164e+21	1.73022e+33
2.71296e+10	3.7974e+22	5.83164e+21	1.73372e+33
2.7216e+10	3.79738e+22	5.83164e+21	1.73724e+33
2.73024e+10	3.79737e+22	5.83166e+21	1.74075e+33
2.73888e+10	3.79737e+22	5.83168e+21	1.74428e+33
2.74752e+10	3.79738e+22	5.83172e+21	1.74781e+33
2.75616e+10	3.7974e+22	5.83178e+21	1.75135e+33
2.7648e+10	3.79745e+22	5.83186e+21	1.7549e+33
2.77344e+10	3.79752e+22	5.83198e+21	1.75845e+33
2.78208e+10	3.79762e+22	5.83213e+21	1.76202e+33
2.79072e+10	3.79776e+22	5.83234e+21	1.76561e+33
2.79936e+10	3.79797e+22	5.83264e+21	1.76921e+33
2.808e+10	3.79827e+22	5.83306e+21	1.77285e+33
2.81664e+10	3.79873e+22	5.83371e+21	1.77653e+33
2.82528e+10	3.79949e+22	5.83477e+21	1.7803e+33
2.83392e+10	3.80101e+22	5.83683e+21	1.78427e+33
2.84256e+10	3.80551e+22	5.84268e+21	1.789e+33
2.8512e+10	3.81666e+22	5.85698e+21	1.79542e+33
2.85984e+10	3.80496e+22	5.84313e+21	1.79624e+33
2.86848e+10	3.80249e+22	5.84004e+21	1.7992e+33
2.87712e+10	3.80137e+22	5.83864e+21	1.80251e+33
2.88576e+10	3.8007e+22	5.83782e+21	1.80593e+33
2.8944e+10	3.80024e+22	5.83727e+21	1.80941e+33
2.90304e+10	3.7999e+22	5.83686e+21	1.81292e+33
2.91168e+10	3.79963e+22	5.83654e+21	1.81645e+33
2.92032e+10	3.79941e+22	5.83629e+21	1.82e+33
2.92896e+10	3.79922e+22	5.83607e+21	1.82356e+33
2.9376e+10	3.79905e+22	5.83589e+21	1.82713e+33
2.94624e+10	3.79891e+22	5.83573e+21	1.83071e+33
2.95488e+10	3.79877e+22	5.83558e+21	1.83429e+33
2.96352e+10	3.79865e+22	5.83546e+21	1.83788e+33
2.97216e+10	3.79854e+22	5.83534e+21	1.84148e+33
2.9808e+10	3.79844e+22	5.83523e+21	1.84508e+33
2.98944e+10	3.79834e+22	5.83514e+21	1.84869e+33
2.99808e+10	3.79825e+22	5.83505e+21	1.8523e+33
3.00672e+10	3.79817e+22	5.83496e+21	1.85592e+33
3.01536e+10	3.79809e+22	5.83489e+21	1.85954e+33
3.024e+10	3.79802e+22	5.83482e+21	1.86317e+33
3.03264e+10	3.79795e+22	5.83475e+21	1.8668e+33
3.04128e+10	3.79788e+22	5.83469e+21	1.87044e+33
3.04992e+10	3.79782e+22	5.83463e+21	1.87407e+33
3.05856e+10	3.79776e+22	5.83458e+21	1.87772e+33
3.0672e+10	3.79771e+22	5.83453e+21	1.88137e+33
3.07584e+10	3.79766e+22	5.83449e+21	1.88502e+33
3.08448e+10	3.79762e+22	5.83445e+21	1.88868e+33
3.09312e+10	3.79758e+22	5.83442e+21	1.89234e+33
3.10176e+10	3.79755e+22	5.8344e+21	1.896e+33
3.1104e+10	3.79753e+22	5.83438e+21	1.89967e+33
3.11904e+10	3.79752e+22	5.83437e+21	1.90335e+33
3.12768e+10	3.79751e+22	5.83437e+21	1.90703e+33
3.13632e+10	3.79752e+22	5.83438e+21	1.91072e+33
3.14496e+10	3.79754e+22	5.83441e+21	1.91441e+33
3.1536e+10	3.79758e+22	5.83445e+21	1.91811e+33
3.16224e+10	3.79764e+22	5.83451e+21	1.92181e+33
3.17088e+10	3.79773e+22	5.83459e+21	1.92553e+33
3.17952e+10	3.79786e+22	5.83469e+21	1.92925e+33
3.18816e+10	3.79802e+22	5.83479e+21	1.93297e+33
3.1968e+10	3.79819e+22	5.83483e+21	1.93669e+33
3.20544e+10	3.79824e+22	5.83458e+21	1.94034e+33
3.21408e+10	3.79785e+22	5.83363e+21	1.94385e+33
3.22272e+10	3.79691e+22	5.83212e+21	1.94724e+33
3.23136e+10	3.79612e+22	5.83115e+21	1.95074e+33
3.24e+10	3.79569e+22	5.83083e+21	1.95439e+33
3.24864e+10	3.79543e+22	5.83074e+21	1.95809e+33
3.25728e+10	3.79526e+22	5.8307e+21	1.96181e+33
3.26592e+10	3.79512e+22	5.83067e+21	1.96553e+33
3.27456e+10	3.795e+22	5.83063e+21	1.96926e+33
3.2832e+10	3.79489e+22	5.8306e+21	1.97298e+33
3.29184e+10	3.7948e+22	5.83056e+21	1.97671e+33
3.30048e+10	3.79471e+22	5.83052e+21	1.98044e+33
3.30912e+10	3.79463e+22	5.83047e+21	1.98417e+33
3.31776e+10	3.79455e+22	5.83043e+21	1.98791e+33
3.3264e+10	3.79448e+22	5.83039e+21	1.99165e+33
3.33504e+10	3.79441e+22	5.83034e+21	1.99539e+33
3.34368e+10	3.79434e+22	5.8303e+21	1.99914e+33
3.35232e+10	3.79428e+22	5.83026e+21	2.00288e+33
3.36096e+10	3.79422e+22	5.83022e+21	2.00664e+33
3.3696e+10	3.79416e+22	5.83018e+21	2.01039e+33
3.37824e+10	3.7941e+22	5.83013e+21	2.01415e+33
3.38688e+10	3.79405e+22	5.83009e+21	2.0179e+33
3.39552e+10	3.79399e+22	5.83005e+21	2.02167e+33
3.40416e+10	3.79394e+22	5.83001e+21	2.02543e+33
3.4128e+10	3.79389e+22	5.82998e+21	2.0292e+33
3.42144e+10	3.79383e+22	5.82994e+21	2.03297e+33
3.43008e+10	3.79378e+22	5.8299e+21	2.03674e+33
3.43872e+10	3.79374e+22	5.82986e+21	2.04052e+33
3.44736e+10	3.79369e+22	5.82982e+21	2.0443e+33
3.456e+10	3.79364e+22	5.82979e+21	2.04808e+33
3.46464e+10	3.79359e+22	5.82975e+21	2.05187e+33
3.47328e+10	3.79355e+22	5.82971e+21	2.05565e+33
3.48192e+10	3.7935e+22	5.82968e+21	2.05944e+33
3.49056e+10	3.79345e+22	5.82964e+21	2.06323e+33
3.4992e+10	3.79341e+22	5.8296e+21	2.06703e+33
3.50784e+10	3.79336e+22	5.82957e+21	2.07083e+33
3.51648e+10	3.79332e+22	5.82953e+21	2.07463e+33
3.52512e+10	3.79327e+22	5.82949e+21	2.07843e+33
3.53376e+10	3.79323e+22	5.82946e+21	2.08224e+33
3.5424e+10	3.79318e+22	5.82942e+21	2.08605e+33
3.55104e+10	3.79314e+22	5.82939e+21	2.08986e+33
3.55968e+10	3.7931e+22	5.82935e+21	2.09367e+33
3.56832e+10	3.79305e+22	5.82932e+21	2.09749e+33
3.57696e+10	3.79301e+22	5.82928e+21	2.10131e+33
3.5856e+10	3.79297e+22	5.82925e+21	2.10513e+33
3.59424e+10	3.79293e+22	5.82922e+21	2.10895e+33
3.60288e+10	3.7929e+22	5.82919e+21	2.11278e+33
3.61152e+10	3.79286e+22	5.82917e+21	2.11661e+33
3.62016e+10	3.79283e+22	5.82914e+21	2.12045e+33
3.6288e+10	3.79279e+22	5.82912e+21	2.12428e+33
3.63744e+10	3.79276e+22	5.8291e+21	2.12812e+33
3.64608e+10	3.79274e+22	5.82908e+21	2.13196e+33
3.65472e+10	3.79271e+22	5.82907e+21	2.13581e+33
3.66336e+10	3.79269e+22	5.82905e+21	2.13966e+33
3.672e+10	3.79267e+22	5.82905e+21	2.14351e+33
3.68064e+10	3.79265e+22	5.82904e+21	2.14737e+33
3.68928e+10	3.79263e+22	5.82904e+21	2.15123e+33
3.69792e+10	3.79262e+22	5.82904e+21	2.15509e+33
3.70656e+10	3.7926e+22	5.82904e+21	2.15896e+33
3.7152e+10	3.79259e+22	5.82905e+21	2.16283e+33
3.72384e+10	3.79258e+22	5.82906e+21	2.1667e+33
3.73248e+10	3.79257e+22	5.82907e+21	2.17057e+33
3.74112e+10	3.79256e+22	5.82909e+21	2.17445e+33
3.74976e+10	3.79255e+22	5.8291e+21	2.17833e+33
3.7584e+10	3.79254e+22	5.82911e+21	2.18221e+33
3.76704e+10	3.79253e+22	5.82913e+21	2.1861e+33
3.77568e+10	3.79251e+22	5.82914e+21	2.18999e+33
3.78432e+10	3.7925e+22	5.82916e+21	2.19388e+33
3.79296e+10	3.79249e+22	5.82917e+21	2.19777e+33
3.8016e+10	3.79248e+22	5.82919e+21	2.20166e+33
3.81024e+10	3.79247e+22	5.8292e+21	2.20556e+33
3.81888e+10	3.79245e+22	5.82921e+21	2.20946e+33
3.82752e+10	3.79244e+22	5.82922e+21	2.21336e+33
3.83616e+10	3.79242e+22	5.82923e+21	2.21727e+33
3.8448e+10	3.79239e+22	5.82923e+21	2.22117e+33
3.85344e+10	3.79236e+22	5.82923e+21	2.22507e+33
3.86208e+10	3.79233e+22	5.82922e+21	2.22898e+33
3.87072e+10	3.79228e+22	5.8292e+21	2.23289e+33
3.87936e+10	3.79223e+22	5.82918e+21	2.2368e+33
3.888e+10	3.79218e+22	5.82915e+21	2.2407e+33
3.89664e+10	3.79213e+22	5.82912e+21	2.24461e+33
3.90528e+10	3.79207e+22	5.82908e+21	2.24853e+33
3.91392e+10	3.79202e+22	5.82905e+21	2.25244e+33
3.92256e+10	3.79196e+22	5.82901e+21	2.25635e+33
3.9312e+10	3.7919e+22	5.82897e+21	2.26027e+33
3.93984e+10	3.79185e+22	5.82893e+21	2.26419e+33
3.94848e+10	3.79179e+22	5.82889e+21	2.26812e+33
3.95712e+10	3.79174e+22	5.82885e+21	2.27204e+33
3.96576e+10	3.79169e+22	5.82881e+21	2.27597e+33
3.9744e+10	3.79163e+22	5.82877e+21	2.2799e+33
3.98304e+10	3.79158e+22	5.82873e+21	2.28383e+33
3.99168e+10	3.79154e+22	5.82869e+21	2.28777e+33
4.00032e+10	3.79149e+22	5.82865e+21	2.29171e+33
4.00896e+10	3.79144e+22	5.82862e+21	2.29565e+33
4.0176e+10	3.7914e+22	5.82858e+21	2.29959e+33
4.02624e+10	3.79135e+22	5.82855e+21	2.30354e+33
4.03488e+10	3.79131e+22	5.82851e+21	2.30749e+33
4.04352e+10	3.79126e+22	5.82848e+21	2.31144e+33
4.05216e+10	3.79122e+22	5.82845e+21	2.31539e+33
4.0608e+10	3.79118e+22	5.82841e+21	2.31935e+33
4.06944e+10	3.79114e+22	5.82838e+21	2.32331e+33
4.07808e+10	3.7911e+22	5.82835e+21	2.32727e+33
4.08672e+10	3.79106e+22	5.82832e+21	2.33124e+33
4.09536e+10	3.79102e+22	5.82829e+21	2.33521e+33
4.104e+10	3.79098e+22	5.82826e+21	2.33918e+33
4.11264e+10	3.79095e+22	5.82823e+21	2.34316e+33
4.12128e+10	3.79091e+22	5.8282e+21	2.34713e+33
4.12992e+10	3.79087e+22	5.82817e+21	2.35111e+33
4.13856e+10	3.79084e+22	5.82814e+21	2.3551e+33
4.1472e+10	3.7908e+22	5.82812e+21	2.35909e+33
4.15584e+10	3.79077e+22	5.82809e+21	2.36308e+33
4.16448e+10	3.79073e+22	5.82806e+21	2.36707e+33
4.17312e+10	3.7907e+22	5.82804e+21	2.37107e+33
4.18176e+10	3.79066e+22	5.82801e+21	2.37506e+33
4.1904e+10	3.79063e+22	5.82799e+21	2.37907e+33
4.19904e+10	3.7906e+22	5.82796e+21	2.38307e+33
4.20768e+10	3.79056e+22	5.82794e+21	2.38708e+33
4.21632e+10	3.79053e+22	5.82792e+21	2.39109e+33
4.22496e+10	3.7905e+22	5.82789e+21	2.3951e+33
4.2336e+10	3.79047e+22	5.82787e+21	2.39911e+33
4.24224e+10	3.79044e+22	5.82785e+21	2.40313e+33
4.25088e+10	3.79041e+22	5.82783e+21	2.40715e+33
4.25952e+10	3.79038e+22	5.82781e+21	2.41117e+33
4.26816e+10	3.79035e+22	5.82779e+21	2.41519e+33
4.2768e+10	3.79032e+22	5.82777e+21	2.41922e+33
4.28544e+10	3.79029e+22	5.82776e+21	2.42325e+33
4.29408e+10	3.79026e+22	5.82774e+21	2.42728e+33
4.30272e+10	3.79023e+22	5.82772e+21	2.43131e+33
4.31136e+10	3.79021e+22	5.82771e+21	2.43535e+33
4.32e+10	3.79018e+22	5.8277e+21	2.43939e+33
4.32864e+10	3.79016e+22	5.82768e+21	2.44343e+33
4.33728e+10	3.79013e+22	5.82767e+21	2.44747e+33
4.34592e+10	3.79011e+22	5.82766e+21	2.45152e+33
4.35456e+10	3.79008e+22	5.82765e+21	2.45557e+33
4.3632e+10	3.79006e+22	5.82764e+21	2.45962e+33
4.37184e+10	3.79004e+22	5.82764e+21	2.46367e+33
4.38048e+10	3.79002e+22	5.82763e+21	2.46772e+33
4.38912e+10	3.79e+22	5.82763e+21	2.47178e+33
4.39776e+10	3.78999e+22	5.82762e+21	2.47584e+33
4.4064e+10	3.78997e+22	5.82762e+21	2.4799e+33
4.41504e+10	3.78995e+22	5.82762e+21	2.48397e+33
4.42368e+10	3.78994e+22	5.82762e+21	2.48803e+33
4.43232e+10	3.78993e+22	5.82762e+21	2.4921e+33
4.44096e+10	3.78991e+22	5.82763e+21	2.49617e+33
4.4496e+10	3.7899e+22	5.82763e+21	2.50024e+33
4.45824e+10	3.78988e+22	5.82763e+21	2.50432e+33
4.46688e+10	3.78987e+22	5.82762e+21	2.50839e+33
4.47552e+10	3.78985e+22	5.82762e+21	2.51247e+33
4.48416e+10	3.78982e+22	5.82761e+21	2.51654e+33
4.4928e+10	3.7898e+22	5.82759e+21	2.52062e+33
4.50144e+10	3.78976e+22	5.82756e+21	2.52469e+33
4.51008e+10	3.78972e+22	5.82753e+21	2.52877e+33
4.51872e+10	3.78967e+22	5.82749e+21	2.53284e+33
4.52736e+10	3.78962e+22	5.82745e+21	2.53692e+33
4.536e+10	3.78956e+22	5.8274e+21	2.54099e+33
4.54464e+10	3.7895e+22	5.82734e+21	2.54507e+33
4.55328e+10	3.78943e+22	5.82729e+21	2.54914e+33
4.56192e+10	3.78937e+22	5.82722e+21	2.55322e+33
4.57056e+10	3.7893e+22	5.82716e+21	2.5573e+33
4.5792e+10	3.78923e+22	5.8271e+21	2.56137e+33
4.58784e+10	3.78917e+22	5.82704e+21	2.56546e+33
4.59648e+10	3.7891e+22	5.82698e+21	2.56954e+33
4.60512e+10	3.78904e+22	5.82692e+21	2.57362e+33
4.61376e+10	3.78898e+22	5.82687e+21	2.57771e+33
4.6224e+10	3.78892e+22	5.82681e+21	2.5818e+33
4.63104e+10	3.78886e+22	5.82676e+21	2.58589e+33
4.63968e+10	3.7888e+22	5.82671e+21	2.58998e+33
4.64832e+10	3.78875e+22	5.82666e+21	2.59408e+33
4.65696e+10	3.78869e+22	5.82662e+21	2.59818e+33
4.6656e+10	3.78864e+22	5.82657e+21	2.60227e+33
4.67424e+10	3.78859e+22	5.82653e+21	2.60638e+33
4.68288e+10	3.78854e+22	5.82649e+21	2.61048e+33
4.69152e+10	3.78849e+22	5.82644e+21	2.61458e+33
4.70016e+10	3.78844e+22	5.82641e+21	2.61869e+33
4.7088e+10	3.7884e+22	5.82637e+21	2.6228e+33
4.71744e+10	3.78835e+22	5.82633e+21	2.62691e+33
4.72608e+10	3.78831e+22	5.82629e+21	2.63102e+33
4.73472e+10	3.78826e+22	5.82626e+21	2.63513e+33
4.74336e+10	3.78822e+22	5.82623e+21	2.63925e+33
4.752e+10	3.78818e+22	5.82619e+21	2.64336e+33
4.76064e+10	3.78814e+22	5.82616e+21	2.64748e+33
4.76928e+10	3.7881e+22	5.82613e+21	2.6516e+33
4.77792e+10	3.78806e+22	5.8261e+21	2.65572e+33
4.78656e+10	3.78802e+22	5.82607e+21	2.65985e+33
4.7952e+10	3.78798e+22	5.82604e+21	2.66397e+33
4.80384e+10	3.78794e+22	5.82601e+21	2.6681e+33
4.81248e+10	3.78791e+22	5.82598e+21	2.67222e+33
4.82112e+10	3.78787e+22	5.82595e+21	2.67635e+33
4.82976e+10	3.78783e+22	5.82592e+21	2.68048e+33
4.8384e+10	3.78779e+22	5.82589e+21	2.68462e+33
4.84704e+10	3.78776e+22	5.82586e+21	2.68875e+33
4.85568e+10	3.78772e+22	5.82583e+21	2.69288e+33
4.86432e+10	3.78768e+22	5.8258e+21	2.69702e+33
4.87296e+10	3.78764e+22	5.82577e+21	2.70115e+33
4.8816e+10	3.78761e+22	5.82574e+21	2.70529e+33
4.89024e+10	3.78757e+22	5.8257e+21	2.70943e+33
4.89888e+10	3.78753e+22	5.82567e+21	2.71357e+33
4.90752e+10	3.78749e+22	5.82564e+21	2.71771e+33
4.91616e+10	3.78745e+22	5.82561e+21	2.72185e+33
4.9248e+10	3.78741e+22	5.82557e+21	2.726e+33
4.93344e+10	3.78737e+22	5.82554e+21	2.73014e+33
4.94208e+10	3.78733e+22	5.8255e+21	2.73429e+33
4.95072e+10	3.78729e+22	5.82547e+21	2.73843e+33
4.95936e+10	3.78725e+22	5.82543e+21	2.74258e+33
4.968e+10	3.78721e+22	5.82539e+21	2.74673e+33
4.97664e+10	3.78717e+22	5.82536e+21	2.75088e+33
4.98528e+10	3.78713e+22	5.82532e+21	2.75503e+33
4.99392e+10	3.78709e+22	5.82528e+21	2.75918e+33
5.00256e+10	3.78704e+22	5.82524e+21	2.76333e+33
5.0112e+10	3.787e+22	5.8252e+21	2.76749e+33
5.01984e+10	3.78696e+22	5.82516e+21	2.77164e+33
5.02848e+10	3.78692e+22	5.82511e+21	2.7758e+33
5.03712e+10	3.78687e+22	5.82507e+21	2.77996e+33
5.04576e+10	3.78683e+22	5.82503e+21	2.78412e+33
5.0544e+10	3.78678e+22	5.82499e+21	2.78827e+33
5.06304e+10	3.78674e+22	5.82495e+21	2.79244e+33
5.07168e+10	3.7867e+22	5.8249e+21	2.7966e+33
5.08032e+10	3.78665e+22	5.82486e+21	2.80076e+33
5.08896e+10	3.78661e+22	5.82482e+21	2.80492e+33
5.0976e+10	3.78657e+22	5.82477e+21	2.80909e+33
5.10624e+10	3.78652e+22	5.82473e+21	2.81326e+33
5.11488e+10	3.78648e+22	5.82469e+21	2.81742e+33
5.12352e+10	3.78644e+22	5.82464e+21	2.82159e+33
5.13216e+10	3.78639e+22	5.8246e+21	2.82576e+33
5.1408e+10	3.78635e+22	5.82456e+21	2.82994e+33
5.14944e+10	3.78631e+22	5.82452e+21	2.83411e+33
5.15808e+10	3.78626e+22	5.82447e+21	2.83828e+33
5.16672e+10	3.78622e+22	5.82443e+21	2.84246e+33
5.17536e+10	3.78618e+22	5.82439e+21	2.84663e+33
5.184e+10	3.78614e+22	5.82435e+21	2.85081e+33
5.19264e+10	3.7861e+22	5.82431e+21	2.85499e+33
5.20128e+10	3.78606e+22	5.82427e+21	2.85917e+33
5.20992e+10	3.78601e+22	5.82423e+21	2.86335e+33
5.21856e+10	3.78597e+22	5.82419e+21	2.86754e+33
5.2272e+10	3.78593e+22	5.82415e+21	2.87172e+33
5.23584e+10	3.78589e+22	5.82411e+21	2.87591e+33
5.24448e+10	3.78585e+22	5.82407e+21	2.88009e+33
5.25312e+10	3.78581e+22	5.82403e+21	2.88428e+33
5.26176e+10	3.78577e+22	5.82399e+21	2.88847e+33
5.2704e+10	3.78574e+22	5.82395e+21	2.89266e+33
5.27904e+10	3.7857e+22	5.82392e+21	2.89685e+33
5.28768e+10	3.78566e+22	5.82388e+21	2.90105e+33
5.29632e+10	3.78562e+22	5.82384e+21	2.90524e+33
5.30496e+10	3.78558e+22	5.8238e+21	2.90944e+33
5.3136e+10	3.78555e+22	5.82377e+21	2.91363e+33
5.32224e+10	3.78551e+22	5.82373e+21	2.91783e+33
5.33088e+10	3.78547e+22	5.8237e+21	2.92203e+33
5.33952e+10	3.78544e+22	5.82366e+21	2.92623e+33
5.34816e+10	3.7854e+22	5.82363e+21	2.93043e+33
5.3568e+10	3.78536e+22	5.82359e+21	2.93463e+33
5.36544e+10	3.78533e+22	5.82356e+21	2.93884e+33
5.37408e+10	3.78529e+22	5.82352e+21	2.94304e+33
5.38272e+10	3.78526e+22	5.82349e+21	2.94725e+33
5.39136e+10	3.78522e+22	5.82345e+21	2.95145e+33
5.4e+10	3.78519e+22	5.82342e+21	2.95566e+33
5.40864e+10	3.78515e+22	5.82339e+21	2.95987e+33
5.41728e+10	3.78512e+22	5.82336e+21	2.96408e+33
5.42592e+10	3.78508e+22	5.82332e+21	2.96829e+33
5.43456e+10	3.78505e+22	5.82329e+21	2.97251e+33
5.4432e+10	3.78502e+22	5.82326e+21	2.97672e+33
5.45184e+10	3.78498e+22	5.82323e+21	2.98094e+33
5.46048e+10	3.78495e+22	5.8232e+21	2.98515e+33
5.46912e+10	3.78492e+22	5.82317e+21	2.98937e+33
5.47776e+10	3.78488e+22	5.82313e+21	2.99359e+33
5.4864e+10	3.78485e+22	5.8231e+21	2.99781e+33
5.49504e+10	3.78482e+22	5.82307e+21	3.00203e+33
5.50368e+10	3.78479e+22	5.82304e+21	3.00625e+33
5.51232e+10	3.78476e+22	5.82301e+21	3.01047e+33
5.52096e+10	3.78472e+22	5.82298e+21	3.01469e+33
5.5296e+10	3.78469e+22	5.82295e+21	3.01892e+33
5.53824e+10	3.78466e+22	5.82293e+21	3.02314e+33
5.54688e+10	3.78463e+22	5.8229e+21	3.02737e+33
5.55552e+10	3.7846e+22	5.82287e+21	3.03159e+33
5.56416e+10	3.78457e+22	5.82284e+21	3.03582e+33
5.5728e+10	3.78454e+22	5.82281e+21	3.04005e+33
5.58144e+10	3.78451e+22	5.82278e+21	3.04428e+33
5.59008e+10	3.78448e+22	5.82275e+21	3.04851e+33
5.59872e+10	3.78445e+22	5.82273e+21	3.05274e+33
5.60736e+10	3.78442e+22	5.8227e+21	3.05698e+33
5.616e+10	3.78439e+22	5.82267e+21	3.06121e+33
5.62464e+10	3.78436e+22	5.82264e+21	3.06544e+33
5.63328e+10	3.78433e+22	5.82262e+21	3.06968e+33
5.64192e+10	3.7843e+22	5.82259e+21	3.07392e+33
5.65056e+10	3.78427e+22	5.82256e+21	3.07815e+33
5.6592e+10	3.78424e+22	5.82254e+21	3.08239e+33
5.66784e+10	3.78421e+22	5.82251e+21	3.08663e+33
5.67648e+10	3.78418e+22	5.82248e+21	3.09087e+33
5.68512e+10	3.78415e+22	5.82246e+21	3.09511e+33
5.69376e+10	3.78412e+22	5.82243e+21	3.09935e+33
5.7024e+10	3.7841e+22	5.82241e+21	3.10359e+33
5.71104e+10	3.78407e+22	5.82238e+21	3.10784e+33
5.71968e+10	3.78404e+22	5.82236e+21	3.11208e+33
5.72832e+10	3.78401e+22	5.82233e+21	3.11632e+33
5.73696e+10	3.78398e+22	5.8223e+21	3.12057e+33
5.7456e+10	3.78395e+22	5.82228e+21	3.12482e+33
5.75424e+10	3.78393e+22	5.82225e+21	3.12906e+33
5.76288e+10	3.7839e+22	5.82223e+21	3.13331e+33
5.77152e+10	3.78387e+22	5.8222e+21	3.13756e+33
5.78016e+10	3.78384e+22	5.82218e+21	3.14181e+33
5.7888e+10	3.78382e+22	5.82216e+21	3.14606e+33
5.79744e+10	3.78379e+22	5.82213e+21	3.15031e+33
5.80608e+10	3.78376e+22	5.82211e+21	3.15456e+33
5.81472e+10	3.78374e+22	5.82208e+21	3.15881e+33
5.82336e+10	3.78371e+22	5.82206e+21	3.16307e+33
5.832e+10	3.78368e+22	5.82203e+21	3.16732e+33
5.84064e+10	3.78365e+22	5.82201e+21	3.17158e+33
5.84928e+10	3.78363e+22	5.82199e+21	3.17583e+33
5.85792e+10	3.7836e+22	5.82196e+21	3.18009e+33
5.86656e+10	3.78358e+22	5.82194e+21	3.18435e+33
5.8752e+10	3.78355e+22	5.82192e+21	3.1886e+33
5.88384e+10	3.78352e+22	5.82189e+21	3.19286e+33
5.89248e+10	3.7835e+22	5.82187e+21	3.19712e+33
5.90112e+10	3.78347e+22	5.82185e+21	3.20138e+33
5.90976e+10	3.78344e+22	5.82182e+21	3.20564e+33
5.9184e+10	3.78342e+22	5.8218e+21	3.2099e+33
5.92704e+10	3.78339e+22	5.82178e+21	3.21416e+33
5.93568e+10	3.78337e+22	5.82175e+21	3.21843e+33
5.94432e+10	3.78334e+22	5.82173e+21	3.22269e+33
5.95296e+10	3.78332e+22	5.82171e+21	3.22695e+33
5.9616e+10	3.78329e+22	5.82169e+21	3.23122e+33
5.97024e+10	3.78326e+22	5.82166e+21	3.23548e+33
5.97888e+10	3.78324e+22	5.82164e+21	3.23975e+33
5.98752e+10	3.78321e+22	5.82162e+21	3.24402e+33
5.99616e+10	3.78319e+22	5.8216e+21	3.24828e+33
6.0048e+10	3.78316e+22	5.82157e+21	3.25255e+33
6.01344e+10	3.78314e+22	5.82155e+21	3.25682e+33
6.02208e+10	3.78311e+22	5.82153e+21	3.26109e+33
6.03072e+10	3.78309e+22	5.82151e+21	3.26536e+33
6.03936e+10	3.78306e+22	5.82149e+21	3.26963e+33
6.048e+10	3.78304e+22	5.82146e+21	3.2739e+33
6.05664e+10	3.78301e+22	5.82144e+21	3.27817e+33
6.06528e+10	3.78299e+22	5.82142e+21	3.28245e+33
6.07392e+10	3.78297e+22	5.8214e+21	3.28672e+33
6.08256e+10	3.78294e+22	5.82138e+21	3.29099e+33
6.0912e+10	3.78292e+22	5.82135e+21	3.29527e+33
6.09984e+10	3.78289e+22	5.82133e+21	3.29954e+33
6.10848e+10	3.78287e+22	5.82131e+21	3.30382e+33
6.11712e+10	3.78284e+22	5.82129e+21	3.30809e+33
6.12576e+10	3.78282e+22	5.82127e+21	3.31237e+33
6.1344e+10	3.7828e+22	5.82125e+21	3.31665e+33
6.14304e+10	3.78277e+22	5.82123e+21	3.32093e+33
6.15168e+10	3.78275e+22	5.8212e+21	3.3252e+33
6.16032e+10	3.78272e+22	5.82118e+21	3.32948e+33
6.16896e+10	3.7827e+22	5.82116e+21	3.33376e+33
6.1776e+10	3.78268e+22	5.82114e+21	3.33804e+33
6.18624e+10	3.78265e+22	5.82112e+21	3.34232e+33
6.19488e+10	3.78263e+22	5.8211e+21	3.34661e+33
6.20352e+10	3.78261e+22	5.82108e+21	3.35089e+33
6.21216e+10	3.78258e+22	5.82106e+21	3.35517e+33
6.2208e+10	3.78256e+22	5.82104e+21	3.35945e+33
6.22944e+10	3.78254e+22	5.82102e+21	3.36374e+33
6.23808e+10	3.78251e+22	5.821e+21	3.36802e+33
6.24672e+10	3.78249e+22	5.82097e+21	3.37231e+33
6.25536e+10	3.78247e+22	5.82095e+21	3.37659e+33
6.264e+10	3.78244e+22	5.82093e+21	3.38088e+33
6.27264e+10	3.78242e+22	5.82091e+21	3.38516e+33
6.28128e+10	3.7824e+22	5.82089e+21	3.38945e+33
6.28992e+10	3.78238e+22	5.82087e+21	3.39374e+33
6.29856e+10	3.78235e+22	5.82085e+21	3.39803e+33
6.3072e+10	3.78233e+22	5.82083e+21	3.40232e+33
6.31584e+10	3.78231e+22	5.82081e+21	3.40661e+33
6.32448e+10	3.78229e+22	5.82079e+21	3.41089e+33
6.33312e+10	3.78226e+22	5.82077e+21	3.41519e+33
6.34176e+10	3.78224e+22	5.82075e+21	3.41948e+33
6.3504e+10	3.78222e+22	5.82073e+21	3.42377e+33
6.35904e+10	3.7822e+22	5.82071e+21	3.42806e+33
6.36768e+10	3.78217e+22	5.82069e+21	3.43235e+33
6.37632e+10	3.78215e+22	5.82067e+21	3.43664e+33
6.38496e+10	3.78213e+22	5.82065e+21	3.44094e+33
6.3936e+10	3.78211e+22	5.82063e+21	3.44523e+33
6.40224e+10	3.78209e+22	5.82061e+21	3.44953e+33
6.41088e+10	3.78206e+22	5.82059e+21	3.45382e+33
6.41952e+10	3.78204e+22	5.82057e+21	3.45812e+33
6.42816e+10	3.78202e+22	5.82055e+21	3.46241e+33
6.4368e+10	3.782e+22	5.82053e+21	3.46671e+33
6.44544e+10	3.78198e+22	5.82052e+21	3.47101e+33
6.45408e+10	3.78196e+22	5.8205e+21	3.47531e+33
6.46272e+10	3.78194e+22	5.82048e+21	3.4796e+33
6.47136e+10	3.78191e+22	5.82046e+21	3.4839e+33
6.48e+10	3.78189e+22	5.82044e+21	3.4882e+33
6.48864e+10	3.78187e+22	5.82042e+21	3.4925e+33
6.49728e+10	3.78185e+22	5.8204e+21	3.4968e+33
6.50592e+10	3.78183e+22	5.82038e+21	3.5011e+33
6.51456e+10	3.78181e+22	5.82036e+21	3.5054e+33
6.5232e+10	3.78179e+22	5.82034e+21	3.5097e+33
6.53184e+10	3.78177e+22	5.82032e+21	3.51401e+33
6.54048e+10	3.78175e+22	5.82031e+21	3.51831e+33
6.54912e+10	3.78173e+22	5.82029e+21	3.52261e+33
6.55776e+10	3.78171e+22	5.82027e+21	3.52691e+33
6.5664e+10	3.78169e+22	5.82025e+21	3.53122e+33
6.57504e+10	3.78166e+22	5.82023e+21	3.53552e+33
6.58368e+10	3.78164e+22	5.82021e+21	3.53983e+33
6.59232e+10	3.78162e+22	5.82019e+21	3.54413e+33
6.60096e+10	3.7816e+22	5.82017e+21	3.54844e+33
6.6096e+10	3.78158e+22	5.82016e+21	3.55275e+33
6.61824e+10	3.78156e+22	5.82014e+21	3.55705e+33
6.62688e+10	3.78154e+22	5.82012e+21	3.56136e+33
6.63552e+10	3.78152e+22	5.8201e+21	3.56567e+33
6.64416e+10	3.7815e+22	5.82008e+21	3.56998e+33
6.6528e+10	3.78148e+22	5.82007e+21	3.57428e+33
6.66144e+10	3.78147e+22	5.82005e+21	3.57859e+33
6.67008e+10	3.78145e+22	5.82003e+21	3.5829e+33
6.67872e+10	3.78143e+22	5.82001e+21	3.58721e+33
6.68736e+10	3.78141e+22	5.81999e+21	3.59152e+33
6.696e+10	3.78139e+22	5.81998e+21	3.59583e+33
6.70464e+10	3.78137e+22	5.81996e+21	3.60014e+33
6.71328e+10	3.78135e+22	5.81994e+21	3.60446e+33
6.72192e+10	3.78133e+22	5.81992e+21	3.60877e+33
6.73056e+10	3.78131e+22	5.81991e+21	3.61308e+33
6.7392e+10	3.78129e+22	5.81989e+21	3.61739e+33
6.74784e+10	3.78127e+22	5.81987e+21	3.62171e+33
6.75648e+10	3.78126e+22	5.81985e+21	3.62602e+33
6.76512e+10	3.78124e+22	5.81984e+21	3.63034e+33
6.77376e+10	3.78122e+22	5.81982e+21	3.63465e+33
6.7824e+10	3.7812e+22	5.8198e+21	3.63897e+33
6.79104e+10	3.78118e+22	5.81978e+21	3.64328e+33
6.79968e+10	3.78116e+22	5.81977e+21	3.6476e+33
6.80832e+10	3.78114e+22	5.81975e+21	3.65191e+33
6.81696e+10	3.78113e+22	5.81973e+21	3.65623e+33
6.8256e+10	3.78111e+22	5.81972e+21	3.66055e+33
6.83424e+10	3.78109e+22	5.8197e+21	3.66487e+33
6.84288e+10	3.78107e+22	5.81968e+21	3.66918e+33
6.85152e+10	3.78106e+22	5.81966e+21	3.6735e+33
6.86016e+10	3.78104e+22	5.81965e+21	3.67782e+33
6.8688e+10	3.78102e+22	5.81963e+21	3.68214e+33
6.87744e+10	3.781e+22	5.81961e+21	3.68646e+33
6.88608e+10	3.78099e+22	5.8196e+21	3.69078e+33
6.89472e+10	3.78097e+22	5.81958e+21	3.6951e+33
6.90336e+10	3.78095e+22	5.81956e+21	3.69942e+33
6.912e+10	3.78094e+22	5.81955e+21	3.70374e+33
6.92064e+10	3.78092e+22	5.81953e+21	3.70807e+33
6.92928e+10	3.7809e+22	5.81952e+21	3.71239e+33
6.93792e+10	3.78089e+22	5.8195e+21	3.71671e+33
6.94656e+10	3.78087e+22	5.81948e+21	3.72103e+33
6.9552e+10	3.78085e+22	5.81947e+21	3.72536e+33
6.96384e+10	3.78084e+22	5.81945e+21	3.72968e+33
6.97248e+10	3.78082e+22	5.81943e+21	3.73401e+33
6.98112e+10	3.78081e+22	5.81942e+21	3.73833e+33
6.98976e+10	3.78079e+22	5.8194e+21	3.74265e+33
6.9984e+10	3.78078e+22	5.81939e+21	3.74698e+33
7.00704e+10	3.78076e+22	5.81937e+21	3.75131e+33
7.01568e+10	3.78075e+22	5.81936e+21	3.75563e+33
7.02432e+10	3.78073e+22	5.81934e+21	3.75996e+33
7.03296e+10	3.78072e+22	5.81932e+21	3.76429e+33
7.0416e+10	3.7807e+22	5.81931e+21	3.76861e+33
7.05024e+10	3.78069e+22	5.81929e+21	3.77294e+33
7.05888e+10	3.78068e+22	5.81928e+21	3.77727e+33
7.06752e+10	3.78066e+22	5.81926e+21	3.7816e+33
7.07616e+10	3.78065e+22	5.81925e+21	3.78593e+33
7.0848e+10	3.78064e+22	5.81923e+21	3.79026e+33
7.09344e+10	3.78063e+22	5.81922e+21	3.79459e+33
7.10208e+10	3.78062e+22	5.8192e+21	3.79892e+33
7.11072e+10	3.7806e+22	5.81919e+21	3.80325e+33
7.11936e+10	3.7806e+22	5.81918e+21	3.80758e+33
7.128e+10	3.78059e+22	5.81916e+21	3.81191e+33
7.13664e+10	3.78058e+22	5.81915e+21	3.81624e+33
7.14528e+10	3.78057e+22	5.81914e+21	3.82057e+33
7.15392e+10	3.78057e+22	5.81912e+21	3.82491e+33
7.16256e+10	3.78056e+22	5.81911e+21	3.82924e+33
7.1712e+10	3.78056e+22	5.8191e+21	3.83357e+33
7.17984e+10	3.78056e+22	5.81909e+21	3.83791e+33
7.18848e+10	3.78056e+22	5.81908e+21	3.84225e+33
7.19712e+10	3.78057e+22	5.81908e+21	3.84658e+33
7.20576e+10	3.78058e+22	5.81907e+21	3.85092e+33
7.2144e+10	3.78059e+22	5.81907e+21	3.85526e+33
7.22304e+10	3.78061e+22	5.81907e+21	3.85961e+33
7.23168e+10	3.78063e+22	5.81908e+21	3.86395e+33
7.24032e+10	3.78066e+22	5.8191e+21	3.8683e+33
7.24896e+10	3.7807e+22	5.81913e+21	3.87266e+33
7.2576e+10	3.78074e+22	5.81918e+21	3.87702e+33
7.26624e+10	3.78079e+22	5.81923e+21	3.88139e+33
7.27488e+10	3.78083e+22	5.8193e+21	3.88576e+33
7.28352e+10	3.78087e+22	5.81938e+21	3.89014e+33
7.29216e+10	3.78089e+22	5.81946e+21	3.89451e+33
7.3008e+10	3.78091e+22	5.81952e+21	3.89889e+33
7.30944e+10	3.7809e+22	5.81957e+21	3.90325e+33
7.31808e+10	3.78089e+22	5.81961e+21	3.90761e+33
7.32672e+10	3.78087e+22	5.81963e+21	3.91197e+33
7.33536e+10	3.78084e+22	5.81964e+21	3.91632e+33
7.344e+10	3.78081e+22	5.81965e+21	3.92067e+33
7.35264e+10	3.78078e+22	5.81965e+21	3.92501e+33
7.36128e+10	3.78075e+22	5.81964e+21	3.92936e+33
7.36992e+10	3.78071e+22	5.81963e+21	3.9337e+33
7.37856e+10	3.78068e+22	5.81962e+21	3.93804e+33
7.3872e+10	3.78065e+22	5.81961e+21	3.94239e+33
7.39584e+10	3.78063e+22	5.81959e+21	3.94673e+33
7.40448e+10	3.7806e+22	5.81958e+21	3.95107e+33
7.41312e+10	3.78057e+22	5.81956e+21	3.95541e+33
7.42176e+10	3.78054e+22	5.81954e+21	3.95975e+33
7.4304e+10	3.78052e+22	5.81953e+21	3.96409e+33
7.43904e+10	3.78049e+22	5.81951e+21	3.96844e+33
7.44768e+10	3.78047e+22	5.81949e+21	3.97278e+33
7.45632e+10	3.78044e+22	5.81948e+21	3.97712e+33
7.46496e+10	3.78042e+22	5.81946e+21	3.98146e+33
7.4736e+10	3.7804e+22	5.81944e+21	3.98581e+33
7.48224e+10	3.78037e+22	5.81943e+21	3.99015e+33
7.49088e+10	3.78035e+22	5.81941e+21	3.99449e+33
7.49952e+10	3.78033e+22	5.81939e+21	3.99884e+33
7.50816e+10	3.78031e+22	5.81937e+21	4.00318e+33
7.5168e+10	3.78029e+22	5.81936e+21	4.00753e+33
7.52544e+10	3.78026e+22	5.81934e+21	4.01187e+33
7.53408e+10	3.78024e+22	5.81932e+21	4.01622e+33
7.54272e+10	3.78022e+22	5.81931e+21	4.02056e+33
7.55136e+10	3.7802e+22	5.81929e+21	4.02491e+33
7.56e+10	3.78018e+22	5.81927e+21	4.02925e+33
7.56864e+10	3.78016e+22	5.81926e+21	4.0336e+33
7.57728e+10	3.78014e+22	5.81924e+21	4.03795e+33
7.58592e+10	3.78012e+22	5.81922e+21	4.04229e+33
7.59456e+10	3.7801e+22	5.81921e+21	4.04664e+33
7.6032e+10	3.78008e+22	5.81919e+21	4.05099e+33
7.61184e+10	3.78006e+22	5.81917e+21	4.05534e+33
7.62048e+10	3.78004e+22	5.81916e+21	4.05968e+33
7.62912e+10	3.78003e+22	5.81914e+21	4.06403e+33
7.63776e+10	3.78001e+22	5.81912e+21	4.06838e+33
7.6464e+10	3.77999e+22	5.81911e+21	4.07273e+33
7.65504e+10	3.77997e+22	5.81909e+21	4.07708e+33
7.66368e+10	3.77995e+22	5.81907e+21	4.08143e+33
7.67232e+10	3.77993e+22	5.81906e+21	4.08578e+33
7.68096e+10	3.77991e+22	5.81904e+21	4.09013e+33
7.6896e+10	3.77989e+22	5.81902e+21	4.09448e+33
7.69824e+10	3.77987e+22	5.81901e+21	4.09883e+33
7.70688e+10	3.77986e+22	5.81899e+21	4.10318e+33
7.71552e+10	3.77984e+22	5.81897e+21	4.10753e+33
7.72416e+10	3.77982e+22	5.81896e+21	4.11188e+33
7.7328e+10	3.7798e+22	5.81894e+21	4.11623e+33
7.74144e+10	3.77978e+22	5.81892e+21	4.12058e+33
7.75008e+10	3.77976e+22	5.81891e+21	4.12494e+33
7.75872e+10	3.77975e+22	5.81889e+21	4.12929e+33
7.76736e+10	3.77973e+22	5.81887e+21	4.13364e+33
7.776e+10	3.77971e+22	5.81886e+21	4.13799e+33
7.78464e+10	3.77969e+22	5.81884e+21	4.14235e+33
7.79328e+10	3.77967e+22	5.81882e+21	4.1467e+33
7.80192e+10	3.77965e+22	5.81881e+21	4.15105e+33
7.81056e+10	3.77964e+22	5.81879e+21	4.15541e+33
7.8192e+10	3.77962e+22	5.81877e+21	4.15976e+33
7.82784e+10	3.7796e+22	5.81876e+21	4.16411e+33
7.83648e+10	3.77958e+22	5.81874e+21	4.16847e+33
7.84512e+10	3.77956e+22	5.81872e+21	4.17282e+33
7.85376e+10	3.77955e+22	5.81871e+21	4.17718e+33
7.8624e+10	3.77953e+22	5.81869e+21	4.18153e+33
7.87104e+10	3.77951e+22	5.81867e+21	4.18589e+33
7.87968e+10	3.77949e+22	5.81866e+21	4.19025e+33
7.88832e+10	3.77947e+22	5.81864e+21	4.1946e+33
7.89696e+10	3.77946e+22	5.81862e+21	4.19896e+33
7.9056e+10	3.77944e+22	5.81861e+21	4.20331e+33
7.91424e+10	3.77942e+22	5.81859e+21	4.20767e+33
7.92288e+10	3.7794e+22	5.81857e+21	4.21203e+33
7.93152e+10	3.77939e+22	5.81856e+21	4.21638e+33
7.94016e+10	3.77937e+22	5.81854e+21	4.22074e+33
7.9488e+10	3.77935e+22	5.81852e+21	4.2251e+33
7.95744e+10	3.77933e+22	5.81851e+21	4.22946e+33
7.96608e+10	3.77931e+22	5.81849e+21	4.23382e+33
7.97472e+10	3.7793e+22	5.81848e+21	4.23817e+33
7.98336e+10	3.77928e+22	5.81846e+21	4.24253e+33
7.992e+10	3.77926e+22	5.81844e+21	4.24689e+33
8.00064e+10	3.77924e+22	5.81843e+21	4.25125e+33
8.00928e+10	3.77923e+22	5.81841e+21	4.25561e+33
8.01792e+10	3.77921e+22	5.81839e+21	4.25997e+33
8.02656e+10	3.77919e+22	5.81838e+21	4.26433e+33
8.0352e+10	3.77917e+22	5.81836e+21	4.26869e+33
8.04384e+10	3.77916e+22	5.81834e+21	4.27305e+33
8.05248e+10	3.77914e+22	5.81833e+21	4.27741e+33
8.06112e+10	3.77912e+22	5.81831e+21	4.28177e+33
8.06976e+10	3.7791e+22	5.8183e+21	4.28613e+33
8.0784e+10	3.77909e+22	5.81828e+21	4.29049e+33
8.08704e+10	3.77907e+22	5.81826e+21	4.29485e+33
8.09568e+10	3.77905e+22	5.81825e+21	4.29922e+33
8.10432e+10	3.77903e+22	5.81823e+21	4.30358e+33
8.11296e+10	3.77902e+22	5.81821e+21	4.30794e+33
8.1216e+10	3.779e+22	5.8182e+21	4.3123e+33
8.13024e+10	3.77898e+22	5.81818e+21	4.31666e+33
8.13888e+10	3.77896e+22	5.81817e+21	4.32103e+33
8.14752e+10	3.77895e+22	5.81815e+21	4.32539e+33
8.15616e+10	3.77893e+22	5.81813e+21	4.32975e+33
8.1648e+10	3.77891e+22	5.81812e+21	4.33412e+33
8.17344e+10	3.7789e+22	5.8181e+21	4.33848e+33
8.18208e+10	3.77888e+22	5.81809e+21	4.34284e+33
8.19072e+10	3.77886e+22	5.81807e+21	4.34721e+33
8.19936e+10	3.77884e+22	5.81806e+21	4.35157e+33
8.208e+10	3.77883e+22	5.81804e+21	4.35594e+33
8.21664e+10	3.77881e+22	5.81803e+21	4.3603e+33
8.22528e+10	3.77879e+22	5.81801e+21	4.36467e+33
8.23392e+10	3.77878e+22	5.81799e+21	4.36903e+33
8.24256e+10	3.77876e+22	5.81798e+21	4.3734e+33
8.2512e+10	3.77874e+22	5.81796e+21	4.37776e+33
8.25984e+10	3.77873e+22	5.81795e+21	4.38213e+33
8.26848e+10	3.77871e+22	5.81793e+21	4.3865e+33
8.27712e+10	3.77869e+22	5.81792e+21	4.39086e+33
8.28576e+10	3.77868e+22	5.8179e+21	4.39523e+33
8.2944e+10	3.77866e+22	5.81789e+21	4.3996e+33
8.30304e+10	3.77864e+22	5.81787e+21	4.40396e+33
8.31168e+10	3.77863e+22	5.81786e+21	4.40833e+33
8.32032e+10	3.77861e+22	5.81784e+21	4.4127e+33
8.32896e+10	3.77859e+22	5.81783e+21	4.41707e+33
8.3376e+10	3.77858e+22	5.81781e+21	4.42144e+33
8.34624e+10	3.77856e+22	5.8178e+21	4.4258e+33
8.35488e+10	3.77854e+22	5.81778e+21	4.43017e+33
8.36352e+10	3.77853e+22	5.81777e+21	4.43454e+33
8.37216e+10	3.77851e+22	5.81775e+21	4.43891e+33
8.3808e+10	3.77849e+22	5.81774e+21	4.44328e+33
8.38944e+10	3.77848e+22	5.81773e+21	4.44765e+33
8.39808e+10	3.77846e+22	5.81771e+21	4.45202e+33
8.40672e+10	3.77845e+22	5.8177e+21	4.45639e+33
8.41536e+10	3.77843e+22	5.81768e+21	4.46076e+33
8.424e+10	3.77841e+22	5.81767e+21	4.46513e+33
8.43264e+10	3.7784e+22	5.81765e+21	4.4695e+33
8.44128e+10	3.77838e+22	5.81764e+21	4.47387e+33
8.44992e+10	3.77836e+22	5.81763e+21	4.47824e+33
8.45856e+10	3.77835e+22	5.81761e+21	4.48261e+33
8.4672e+10	3.77833e+22	5.8176e+21	4.48698e+33
8.47584e+10	3.77832e+22	5.81758e+21	4.49136e+33
8.48448e+10	3.7783e+22	5.81757e+21	4.49573e+33
8.49312e+10	3.77829e+22	5.81756e+21	4.5001e+33
8.50176e+10	3.77827e+22	5.81754e+21	4.50447e+33
8.5104e+10	3.77825e+22	5.81753e+21	4.50884e+33
8.51904e+10	3.77824e+22	5.81751e+21	4.51322e+33
8.52768e+10	3.77822e+22	5.8175e+21	4.51759e+33
8.53632e+10	3.77821e+22	5.81749e+21	4.52196e+33
8.54496e+10	3.77819e+22	5.81747e+21	4.52634e+33
8.5536e+10	3.77818e+22	5.81746e+21	4.53071e+33
8.56224e+10	3.77816e+22	5.81745e+21	4.53508e+33
8.57088e+10	3.77815e+22	5.81743e+21	4.53946e+33
8.57952e+10	3.77813e+22	5.81742e+21	4.54383e+33
8.58816e+10	3.77812e+22	5.81741e+21	4.54821e+33
8.5968e+10	3.7781e+22	5.81739e+21	4.55258e+33
8.60544e+10	3.77808e+22	5.81738e+21	4.55696e+33
8.61408e+10	3.77807e+22	5.81737e+21	4.56133e+33
8.62272e+10	3.77805e+22	5.81735e+21	4.56571e+33
8.63136e+10	3.77804e+22	5.81734e+21	4.57008e+33
8.64e+10	3.77802e+22	5.81733e+21	4.57446e+33
8.64864e+10	3.77801e+22	5.81731e+21	4.57883e+33
8.65728e+10	3.77799e+22	5.8173e+21	4.58321e+33
8.66592e+10	3.77798e+22	5.81729e+21	4.58759e+33
8.67456e+10	3.77796e+22	5.81727e+21	4.59196e+33
8.6832e+10	3.77795e+22	5.81726e+21	4.59634e+33
8.69184e+10	3.77794e+22	5.81725e+21	4.60071e+33
8.70048e+10	3.77792e+22	5.81724e+21	4.60509e+33
8.70912e+10	3.77791e+22	5.81722e+21	4.60947e+33
8.71776e+10	3.77789e+22	5.81721e+21	4.61385e+33
8.7264e+10	3.77788e+22	5.8172e+21	4.61822e+33
8.73504e+10	3.77786e+22	5.81718e+21	4.6226e+33
8.74368e+10	3.77785e+22	5.81717e+21	4.62698e+33
8.75232e+10	3.77783e+22	5.81716e+21	4.63136e+33
8.76096e+10	3.77782e+22	5.81715e+21	4.63574e+33
8.7696e+10	3.7778e+22	5.81713e+21	4.64011e+33
8.77824e+10	3.77779e+22	5.81712e+21	4.64449e+33
8.78688e+10	3.77777e+22	5.81711e+21	4.64887e+33
8.79552e+10	3.77776e+22	5.8171e+21	4.65325e+33
8.80416e+10	3.77775e+22	5.81708e+21	4.65763e+33
8.8128e+10	3.77773e+22	5.81707e+21	4.66201e+33
8.82144e+10	3.77772e+22	5.81706e+21	4.66639e+33
8.83008e+10	3.7777e+22	5.81705e+21	4.67077e+33
8.83872e+10	3.77769e+22	5.81703e+21	4.67515e+33
8.84736e+10	3.77768e+22	5.81702e+21	4.67953e+33
8.856e+10	3.77766e+22	5.81701e+21	4.68391e+33
8.86464e+10	3.77765e+22	5.817e+21	4.68829e+33
8.87328e+10	3.77763e+22	5.81699e+21	4.69267e+33
8.88192e+10	3.77762e+22	5.81697e+21	4.69705e+33
8.89056e+10	3.77761e+22	5.81696e+21	4.70143e+33
8.8992e+10	3.77759e+22	5.81695e+21	4.70581e+33
8.90784e+10	3.77758e+22	5.81694e+21	4.7102e+33
8.91648e+10	3.77756e+22	5.81693e+21	4.71458e+33
8.92512e+10	3.77755e+22	5.81691e+21	4.71896e+33
8.93376e+10	3.77754e+22	5.8169e+21	4.72334e+33
8.9424e+10	3.77752e+22	5.81689e+21	4.72772e+33
8.95104e+10	3.77751e+22	5.81688e+21	4.73211e+33
8.95968e+10	3.7775e+22	5.81687e+21	4.73649e+33
8.96832e+10	3.77748e+22	5.81685e+21	4.74087e+33
8.97696e+10	3.77747e+22	5.81684e+21	4.74525e+33
8.9856e+10	3.77745e+22	5.81683e+21	4.74964e+33
8.99424e+10	3.77744e+22	5.81682e+21	4.75402e+33
9.00288e+10	3.77743e+22	5.81681e+21	4.7584e+33
9.01152e+10	3.77741e+22	5.8168e+21	4.76279e+33
9.02016e+10	3.7774e+22	5.81678e+21	4.76717e+33
9.0288e+10	3.77739e+22	5.81677e+21	4.77155e+33
9.03744e+10	3.77737e+22	5.81676e+21	4.77594e+33
9.04608e+10	3.77736e+22	5.81675e+21	4.78032e+33
9.05472e+10	3.77735e+22	5.81674e+21	4.78471e+33
9.06336e+10	3.77733e+22	5.81673e+21	4.78909e+33
9.072e+10	3.77732e+22	5.81671e+21	4.79348e+33
9.08064e+10	3.77731e+22	5.8167e+21	4.79786e+33
9.08928e+10	3.77729e+22	5.81669e+21	4.80225e+33
9.09792e+10	3.77728e+22	5.81668e+21	4.80663e+33
9.10656e+10	3.77727e+22	5.81667e+21	4.81102e+33
9.1152e+10	3.77726e+22	5.81666e+21	4.8154e+33
9.12384e+10	3.77724e+22	5.81665e+21	4.81979e+33
9.13248e+10	3.77723e+22	5.81664e+21	4.82417e+33
9.14112e+10	3.77722e+22	5.81662e+21	4.82856e+33
9.14976e+10	3.7772e+22	5.81661e+21	4.83295e+33
9.1584e+10	3.77719e+22	5.8166e+21	4.83733e+33
9.16704e+10	3.77718e+22	5.81659e+21	4.84172e+33
9.17568e+10	3.77717e+22	5.81658e+21	4.84611e+33
9.18432e+10	3.77715e+22	5.81657e+21	4.85049e+33
9.19296e+10	3.77714e+22	5.81656e+21	4.85488e+33
9.2016e+10	3.77713e+22	5.81655e+21	4.85927e+33
9.21024e+10	3.77711e+22	5.81654e+21	4.86366e+33
9.21888e+10	3.7771e+22	5.81652e+21	4.86804e+33
9.22752e+10	3.77709e+22	5.81651e+21	4.87243e+33
9.23616e+10	3.77708e+22	5.8165e+21	4.87682e+33
9.2448e+10	3.77706e+22	5.81649e+21	4.88121e+33
9.25344e+10	3.77705e+22	5.81648e+21	4.88559e+33
9.26208e+10	3.77704e+22	5.81647e+21	4.88998e+33
9.27072e+10	3.77703e+22	5.81646e+21	4.89437e+33
9.27936e+10	3.77701e+22	5.81645e+21	4.89876e+33
9.288e+10	3.777e+22	5.81644e+21	4.90315e+33
9.29664e+10	3.77699e+22	5.81643e+21	4.90754e+33
9.30528e+10	3.77698e+22	5.81642e+21	4.91193e+33
9.31392e+10	3.77697e+22	5.81641e+21	4.91632e+33
9.32256e+10	3.77695e+22	5.8164e+21	4.92071e+33
9.3312e+10	3.77694e+22	5.81639e+21	4.9251e+33
9.33984e+10	3.77693e+22	5.81637e+21	4.92949e+33
9.34848e+10	3.77692e+22	5.81636e+21	4.93388e+33
9.35712e+10	3.7769e+22	5.81635e+21	4.93827e+33
9.36576e+10	3.77689e+22	5.81634e+21	4.94266e+33
9.3744e+10	3.77688e+22	5.81633e+21	4.94705e+33
9.38304e+10	3.77687e+22	5.81632e+21	4.95144e+33
9.39168e+10	3.77686e+22	5.81631e+21	4.95583e+33
9.40032e+10	3.77684e+22	5.8163e+21	4.96022e+33
9.40896e+10	3.77683e+22	5.81629e+21	4.96461e+33
9.4176e+10	3.77682e+22	5.81628e+21	4.969e+33
9.42624e+10	3.77681e+22	5.81627e+21	4.97339e+33
9.43488e+10	3.7768e+22	5.81626e+21	4.97778e+33
9.44352e+10	3.77679e+22	5.81625e+21	4.98218e+33
9.45216e+10	3.77677e+22	5.81624e+21	4.98657e+33
9.4608e+10	3.77676e+22	5.81623e+21	4.99096e+33
9.46944e+10	3.77675e+22	5.81622e+21	4.99535e+33
9.47808e+10	3.77674e+22	5.81621e+21	4.99974e+33
9.48672e+10	3.77673e+22	5.8162e+21	5.00414e+33
9.49536e+10	3.77672e+22	5.81619e+21	5.00853e+33
9.504e+10	3.7767e+22	5.81618e+21	5.01292e+33
9.51264e+10	3.77669e+22	5.81617e+21	5.01731e+33
9.52128e+10	3.77668e+22	5.81616e+21	5.02171e+33
9.52992e+10	3.77667e+22	5.81615e+21	5.0261e+33
9.53856e+10	3.77666e+22	5.81614e+21	5.03049e+33
9.5472e+10	3.77665e+22	5.81613e+21	5.03489e+33
9.55584e+10	3.77663e+22	5.81612e+21	5.03928e+33
9.56448e+10	3.77662e+22	5.81611e+21	5.04367e+33
9.57312e+10	3.77661e+22	5.8161e+21	5.04807e+33
9.58176e+10	3.7766e+22	5.81609e+21	5.05246e+33
9.5904e+10	3.77659e+22	5.81608e+21	5.05686e+33
9.59904e+10	3.77658e+22	5.81607e+21	5.06125e+33
9.60768e+10	3.77657e+22	5.81606e+21	5.06564e+33
9.61632e+10	3.77656e+22	5.81605e+21	5.07004e+33
9.62496e+10	3.77654e+22	5.81604e+21	5.07443e+33
9.6336e+10	3.77653e+22	5.81603e+21	5.07883e+33
9.64224e+10	3.77652e+22	5.81602e+21	5.08322e+33
9.65088e+10	3.77651e+22	5.81601e+21	5.08762e+33
9.65952e+10	3.7765e+22	5.816e+21	5.09201e+33
9.66816e+10	3.77649e+22	5.81599e+21	5.09641e+33
9.6768e+10	3.77648e+22	5.81598e+21	5.1008e+33
9.68544e+10	3.77647e+22	5.81597e+21	5.1052e+33
9.69408e+10	3.77646e+22	5.81596e+21	5.1096e+33
9.70272e+10	3.77644e+22	5.81596e+21	5.11399e+33
9.71136e+10	3.77643e+22	5.81595e+21	5.11839e+33
9.72e+10	3.77642e+22	5.81594e+21	5.12278e+33
9.72864e+10	3.77641e+22	5.81593e+21	5.12718e+33
9.73728e+10	3.7764e+22	5.81592e+21	5.13158e+33
9.74592e+10	3.77639e+22	5.81591e+21	5.13597e+33
9.75456e+10	3.77638e+22	5.8159e+21	5.14037e+33
9.7632e+10	3.77637e+22	5.81589e+21	5.14477e+33
9.77184e+10	3.77636e+22	5.81588e+21	5.14916e+33
9.78048e+10	3.77635e+22	5.81587e+21	5.15356e+33
9.78912e+10	3.77634e+22	5.81586e+21	5.15796e+33
9.79776e+10	3.77633e+22	5.81585e+21	5.16236e+33
9.8064e+10	3.77632e+22	5.81584e+21	5.16675e+33
9.81504e+10	3.77631e+22	5.81583e+21	5.17115e+33
9.82368e+10	3.77629e+22	5.81582e+21	5.17555e+33
9.83232e+10	3.77628e+22	5.81582e+21	5.17995e+33
9.84096e+10	3.77627e+22	5.81581e+21	5.18435e+33
9.8496e+10	3.77626e+22	5.8158e+21	5.18874e+33
9.85824e+10	3.77625e+22	5.81579e+21	5.19314e+33
9.86688e+10	3.77624e+22	5.81578e+21	5.19754e+33
9.87552e+10	3.77623e+22	5.81577e+21	5.20194e+33
9.88416e+10	3.77622e+22	5.81576e+21	5.20634e+33
9.8928e+10	3.77621e+22	5.81575e+21	5.21074e+33
9.90144e+10	3.7762e+22	5.81574e+21	5.21514e+33
9.91008e+10	3.77619e+22	5.81573e+21	5.21954e+33
9.91872e+10	3.77618e+22	5.81572e+21	5.22394e+33
9.92736e+10	3.77617e+22	5.81572e+21	5.22833e+33
9.936e+10	3.77616e+22	5.81571e+21	5.23273e+33
9.94464e+10	3.77615e+22	5.8157e+21	5.23713e+33
9.95328e+10	3.77614e+22	5.81569e+21	5.24153e+33
9.96192e+10	3.77613e+22	5.81568e+21	5.24593e+33
9.97056e+10	3.77612e+22	5.81567e+21	5.25033e+33
9.9792e+10	3.77611e+22	5.81566e+21	5.25473e+33
9.98784e+10	3.7761e+22	5.81565e+21	5.25913e+33
9.99648e+10	3.77609e+22	5.81564e+21	5.26353e+33
1.00051e+11	3.77608e+22	5.81564e+21	5.26794e+33
1.00138e+11	3.77607e+22	5.81563e+21	5.27234e+33
1.00224e+11	3.77606e+22	5.81562e+21	5.27674e+33
1.0031e+11	3.77605e+22	5.81561e+21	5.28114e+33
1.00397e+11	3.77604e+22	5.8156e+21	5.28554e+33
1.00483e+11	3.77603e+22	5.81559e+21	5.28994e+33
1.0057e+11	3.77602e+22	5.81558e+21	5.29434e+33
1.00656e+11	3.77601e+22	5.81558e+21	5.29874e+33
1.00742e+11	3.776e+22	5.81557e+21	5.30314e+33
1.00829e+11	3.77599e+22	5.81556e+21	5.30755e+33
1.00915e+11	3.77598e+22	5.81555e+21	5.31195e+33
1.01002e+11	3.77597e+22	5.81554e+21	5.31635e+33
1.01088e+11	3.77596e+22	5.81553e+21	5.32075e+33
1.01174e+11	3.77595e+22	5.81552e+21	5.32515e+33
1.01261e+11	3.77594e+22	5.81552e+21	5.32956e+33
1.01347e+11	3.77593e+22	5.81551e+21	5.33396e+33
1.01434e+11	3.77592e+22	5.8155e+21	5.33836e+33
1.0152e+11	3.77591e+22	5.81549e+21	5.34276e+33
1.01606e+11	3.7759e+22	5.81548e+21	5.34717e+33
1.01693e+11	3.77589e+22	5.81547e+21	5.35157e+33
1.01779e+11	3.77588e+22	5.81547e+21	5.35597e+33
1.01866e+11	3.77587e+22	5.81546e+21	5.36038e+33
1.01952e+11	3.77586e+22	5.81545e+21	5.36478e+33
1.02038e+11	3.77585e+22	5.81544e+21	5.36918e+33
1.02125e+11	3.77584e+22	5.81543e+21	5.37359e+33
1.02211e+11	3.77583e+22	5.81542e+21	5.37799e+33
1.02298e+11	3.77583e+22	5.81542e+21	5.38239e+33
1.02384e+11	3.77582e+22	5.81541e+21	5.3868e+33
1.0247e+11	3.77581e+22	5.8154e+21	5.3912e+33
1.02557e+11	3.7758e+22	5.81539e+21	5.39561e+33
1.02643e+11	3.77579e+22	5.81538e+21	5.40001e+33
1.0273e+11	3.77578e+22	5.81537e+21	5.40441e+33
1.02816e+11	3.77577e+22	5.81537e+21	5.40882e+33
1.02902e+11	3.77576e+22	5.81536e+21	5.41322e+33
1.02989e+11	3.77575e+22	5.81535e+21	5.41763e+33
1.03075e+11	3.77574e+22	5.81534e+21	5.42203e+33
1.03162e+11	3.77573e+22	5.81533e+21	5.42644e+33
1.03248e+11	3.77572e+22	5.81533e+21	5.43084e+33
1.03334e+11	3.77571e+22	5.81532e+21	5.43525e+33
1.03421e+11	3.7757e+22	5.81531e+21	5.43965e+33
1.03507e+11	3.7757e+22	5.8153e+21	5.44406e+33
1.03594e+11	3.77569e+22	5.81529e+21	5.44846e+33
1.0368e+11	3.77568e+22	5.81529e+21	5.45287e+33
1.03766e+11	3.77567e+22	5.81528e+21	5.45728e+33
1.03853e+11	3.77566e+22	5.81527e+21	5.46168e+33
1.03939e+11	3.77565e+22	5.81526e+21	5.46609e+33
1.04026e+11	3.77564e+22	5.81525e+21	5.47049e+33
1.04112e+11	3.77563e+22	5.81525e+21	5.4749e+33
1.04198e+11	3.77562e+22	5.81524e+21	5.47931e+33
1.04285e+11	3.77561e+22	5.81523e+21	5.48371e+33
1.04371e+11	3.77561e+22	5.81522e+21	5.48812e+33
1.04458e+11	3.7756e+22	5.81521e+21	5.49253e+33
1.04544e+11	3.77559e+22	5.81521e+21	5.49693e+33
1.0463e+11	3.77558e+22	5.8152e+21	5.50134e+33
1.04717e+11	3.77557e+22	5.81519e+21	5.50575e+33
1.04803e+11	3.77556e+22	5.81518e+21	5.51015e+33
1.0489e+11	3.77555e+22	5.81518e+21	5.51456e+33
1.04976e+11	3.77554e+22	5.81517e+21	5.51897e+33
1.05062e+11	3.77554e+22	5.81516e+21	5.52338e+33
1.05149e+11	3.77553e+22	5.81515e+21	5.52778e+33
1.05235e+11	3.77552e+22	5.81514e+21	5.53219e+33
1.05322e+11	3.77551e+22	5.81514e+21	5.5366e+33
1.05408e+11	3.7755e+22	5.81513e+21	5.54101e+33
1.05494e+11	3.77549e+22	5.81512e+21	5.54541e+33
1.05581e+11	3.77548e+22	5.81511e+21	5.54982e+33
1.05667e+11	3.77547e+22	5.81511e+21	5.55423e+33
1.05754e+11	3.77547e+22	5.8151e+21	5.55864e+33
1.0584e+11	3.77546e+22	5.81509e+21	5.56305e+33
1.05926e+11	3.77545e+22	5.81508e+21	5.56746e+33
1.06013e+11	3.77544e+22	5.81508e+21	5.57186e+33
1.06099e+11	3.77543e+22	5.81507e+21	5.57627e+33
1.06186e+11	3.77542e+22	5.81506e+21	5.58068e+33
1.06272e+11	3.77541e+22	5.81505e+21	5.58509e+33
1.06358e+11	3.77541e+22	5.81505e+21	5.5895e+33
1.06445e+11	3.7754e+22	5.81504e+21	5.59391e+33
1.06531e+11	3.77539e+22	5.81503e+21	5.59832e+33
1.06618e+11	3.77538e+22	5.81502e+21	5.60273e+33
1.06704e+11	3.77537e+22	5.81502e+21	5.60714e+33
1.0679e+11	3.77536e+22	5.81501e+21	5.61155e+33
1.06877e+11	3.77536e+22	5.815e+21	5.61596e+33
1.06963e+11	3.77535e+22	5.81499e+21	5.62037e+33
1.0705e+11	3.77534e+22	5.81499e+21	5.62478e+33
1.07136e+11	3.77533e+22	5.81498e+21	5.62919e+33
1.07222e+11	3.77532e+22	5.81497e+21	5.6336e+33
1.07309e+11	3.77532e+22	5.81496e+21	5.63801e+33
1.07395e+11	3.77531e+22	5.81496e+21	5.64242e+33
1.07482e+11	3.7753e+22	5.81495e+21	5.64683e+33
1.07568e+11	3.77529e+22	5.81494e+21	5.65124e+33
1.07654e+11	3.77528e+22	5.81494e+21	5.65565e+33
1.07741e+11	3.77527e+22	5.81493e+21	5.66006e+33
1.07827e+11	3.77527e+22	5.81492e+21	5.66447e+33
1.07914e+11	3.77526e+22	5.81491e+21	5.66888e+33
1.08e+11	3.77525e+22	5.81491e+21	5.67329e+33
1.08086e+11	3.77524e+22	5.8149e+21	5.6777e+33
1.08173e+11	3.77523e+22	5.81489e+21	5.68211e+33
1.08259e+11	3.77523e+22	5.81488e+21	5.68652e+33
1.08346e+11	3.77522e+22	5.81488e+21	5.69094e+33
1.08432e+11	3.77521e+22	5.81487e+21	5.69535e+33
1.08518e+11	3.7752e+22	5.81486e+21	5.69976e+33
1.08605e+11	3.77519e+22	5.81486e+21	5.70417e+33
1.08691e+11	3.77519e+22	5.81485e+21	5.70858e+33
1.08778e+11	3.77518e+22	5.81484e+21	5.71299e+33
1.08864e+11	3.77517e+22	5.81483e+21	5.71741e+33
1.0895e+11	3.77516e+22	5.81483e+21	5.72182e+33
1.09037e+11	3.77516e+22	5.81482e+21	5.72623e+33
1.09123e+11	3.77515e+22	5.81481e+21	5.73064e+33
1.0921e+11	3.77514e+22	5.81481e+21	5.73506e+33
1.09296e+11	3.77513e+22	5.8148e+21	5.73947e+33
1.09382e+11	3.77512e+22	5.81479e+21	5.74388e+33
1.09469e+11	3.77512e+22	5.81479e+21	5.74829e+33
1.09555e+11	3.77511e+22	5.81478e+21	5.75271e+33
1.09642e+11	3.7751e+22	5.81477e+21	5.75712e+33
1.09728e+11	3.77509e+22	5.81476e+21	5.76153e+33
1.09814e+11	3.77509e+22	5.81476e+21	5.76594e+33
1.09901e+11	3.77508e+22	5.81475e+21	5.77036e+33
1.09987e+11	3.77507e+22	5.81474e+21	5.77477e+33
1.10074e+11	3.77506e+22	5.81474e+21	5.77918e+33
1.1016e+11	3.77506e+22	5.81473e+21	5.7836e+33
1.10246e+11	3.77505e+22	5.81472e+21	5.78801e+33
1.10333e+11	3.77504e+22	5.81472e+21	5.79242e+33
1.10419e+11	3.77503e+22	5.81471e+21	5.79684e+33
1.10506e+11	3.77503e+22	5.8147e+21	5.80125e+33
1.10592e+11	3.77502e+22	5.8147e+21	5.80567e+33
1.10678e+11	3.77501e+22	5.81469e+21	5.81008e+33
1.10765e+11	3.775e+22	5.81468e+21	5.81449e+33
1.10851e+11	3.775e+22	5.81468e+21	5.81891e+33
1.10938e+11	3.77499e+22	5.81467e+21	5.82332e+33
1.11024e+11	3.77498e+22	5.81466e+21	5.82774e+33
1.1111e+11	3.77497e+22	5.81465e+21	5.83215e+33
1.11197e+11	3.77497e+22	5.81465e+21	5.83657e+33
1.11283e+11	3.77496e+22	5.81464e+21	5.84098e+33
1.1137e+11	3.77495e+22	5.81463e+21	5.8454e+33
1.11456e+11	3.77495e+22	5.81463e+21	5.84981e+33
1.11542e+11	3.77494e+22	5.81462e+21	5.85423e+33
1.11629e+11	3.77493e+22	5.81461e+21	5.85864e+33
1.11715e+11	3.77492e+22	5.81461e+21	5.86306e+33
1.11802e+11	3.77492e+22	5.8146e+21	5.86747e+33
1.11888e+11	3.77491e+22	5.81459e+21	5.87189e+33
1.11974e+11	3.7749e+22	5.81459e+21	5.8763e+33
1.12061e+11	3.7749e+22	5.81458e+21	5.88072e+33
1.12147e+11	3.77489e+22	5.81457e+21	5.88513e+33
1.12234e+11	3.77488e+22	5.81457e+21	5.88955e+33
1.1232e+11	3.77487e+22	5.81456e+21	5.89396e+33
1.12406e+11	3.77487e+22	5.81455e+21	5.89838e+33
1.12493e+11	3.77486e+22	5.81455e+21	5.9028e+33
1.12579e+11	3.77485e+22	5.81454e+21	5.90721e+33
1.12666e+11	3.77485e+22	5.81453e+21	5.91163e+33
1.12752e+11	3.77484e+22	5.81453e+21	5.91604e+33
1.12838e+11	3.77483e+22	5.81452e+21	5.92046e+33
1.12925e+11	3.77483e+22	5.81451e+21	5.92488e+33
1.13011e+11	3.77482e+22	5.81451e+21	5.92929e+33
1.13098e+11	3.77481e+22	5.8145e+21	5.93371e+33
1.13184e+11	3.77481e+22	5.8145e+21	5.93813e+33
1.1327e+11	3.7748e+22	5.81449e+21	5.94254e+33
1.13357e+11	3.77479e+22	5.81448e+21	5.94696e+33
1.13443e+11	3.77479e+22	5.81448e+21	5.95138e+33
1.1353e+11	3.77478e+22	5.81447e+21	5.9558e+33
1.13616e+11	3.77477e+22	5.81446e+21	5.96021e+33
1.13702e+11	3.77477e+22	5.81446e+21	5.96463e+33
1.13789e+11	3.77476e+22	5.81445e+21	5.96905e+33
1.13875e+11	3.77475e+22	5.81444e+21	5.97346e+33
1.13962e+11	3.77475e+22	5.81444e+21	5.97788e+33
1.14048e+11	3.77474e+22	5.81443e+21	5.9823e+33
1.14134e+11	3.77473e+22	5.81442e+21	5.98672e+33
1.14221e+11	3.77473e+22	5.81442e+21	5.99113e+33
1.14307e+11	3.77472e+22	5.81441e+21	5.99555e+33
1.14394e+11	3.77471e+22	5.81441e+21	5.99997e+33
1.1448e+11	3.77471e+22	5.8144e+21	6.00439e+33
1.14566e+11	3.7747e+22	5.81439e+21	6.00881e+33
1.14653e+11	3.7747e+22	5.81439e+21	6.01322e+33
1.14739e+11	3.77469e+22	5.81438e+21	6.01764e+33
1.14826e+11	3.77468e+22	5.81437e+21	6.02206e+33
1.14912e+11	3.77468e+22	5.81437e+21	6.02648e+33
1.14998e+11	3.77467e+22	5.81436e+21	6.0309e+33
1.15085e+11	3.77466e+22	5.81436e+21	6.03532e+33
1.15171e+11	3.77466e+22	5.81435e+21	6.03974e+33
1.15258e+11	3.77465e+22	5.81434e+21	6.04415e+33
1.15344e+11	3.77465e+22	5.81434e+21	6.04857e+33
1.1543e+11	3.77464e+22	5.81433e+21	6.05299e+33
1.15517e+11	3.77463e+22	5.81432e+21	6.05741e+33
1.15603e+11	3.77463e+22	5.81432e+21	6.06183e+33
1.1569e+11	3.77462e+22	5.81431e+21	6.06625e+33
1.15776e+11	3.77462e+22	5.81431e+21	6.07067e+33
1.15862e+11	3.77461e+22	5.8143e+21	6.07509e+33
1.15949e+11	3.7746e+22	5.81429e+21	6.07951e+33
1.16035e+11	3.7746e+22	5.81429e+21	6.08393e+33
1.16122e+11	3.77459e+22	5.81428e+21	6.08835e+33
1.16208e+11	3.77459e+22	5.81428e+21	6.09277e+33
1.16294e+11	3.77458e+22	5.81427e+21	6.09719e+33
1.16381e+11	3.77458e+22	5.81426e+21	6.10161e+33
1.16467e+11	3.77457e+22	5.81426e+21	6.10603e+33
1.16554e+11	3.77456e+22	5.81425e+21	6.11045e+33
1.1664e+11	3.77456e+22	5.81425e+21	6.11487e+33
1.16726e+11	3.77455e+22	5.81424e+21	6.11929e+33
1.16813e+11	3.77455e+22	5.81423e+21	6.12371e+33
1.16899e+11	3.77454e+22	5.81423e+21	6.12813e+33
1.16986e+11	3.77454e+22	5.81422e+21	6.13255e+33
1.17072e+11	3.77453e+22	5.81422e+21	6.13697e+33
1.17158e+11	3.77453e+22	5.81421e+21	6.14139e+33
1.17245e+11	3.77452e+22	5.8142e+21	6.14581e+33
1.17331e+11	3.77451e+22	5.8142e+21	6.15023e+33
1.17418e+11	3.77451e+22	5.81419e+21	6.15465e+33
1.17504e+11	3.7745e+22	5.81419e+21	6.15907e+33
1.1759e+11	3.7745e+22	5.81418e+21	6.1635e+33
1.17677e+11	3.77449e+22	5.81417e+21	6.16792e+33
1.17763e+11	3.77449e+22	5.81417e+21	6.17234e+33
1.1785e+11	3.77448e+22	5.81416e+21	6.17676e+33
1.17936e+11	3.77448e+22	5.81416e+21	6.18118e+33
1.18022e+11	3.77447e+22	5.81415e+21	6.1856e+33
1.18109e+11	3.77447e+22	5.81415e+21	6.19002e+33
1.18195e+11	3.77446e+22	5.81414e+21	6.19445e+33
1.18282e+11	3.77446e+22	5.81414e+21	6.19887e+33
1.18368e+11	3.77445e+22	5.81413e+21	6.20329e+33
1.18454e+11	3.77445e+22	5.81412e+21	6.20771e+33
1.18541e+11	3.77444e+22	5.81412e+21	6.21213e+33
1.18627e+11	3.77444e+22	5.81411e+21	6.21656e+33
1.18714e+11	3.77443e+22	5.81411e+21	6.22098e+33
1.188e+11	3.77443e+22	5.8141e+21	6.2254e+33
1.18886e+11	3.77442e+22	5.8141e+21	6.22982e+33
1.18973e+11	3.77442e+22	5.81409e+21	6.23425e+33
1.19059e+11	3.77441e+22	5.81409e+21	6.23867e+33
1.19146e+11	3.77441e+22	5.81408e+21	6.24309e+33
1.19232e+11	3.7744e+22	5.81407e+21	6.24752e+33
1.19318e+11	3.7744e+22	5.81407e+21	6.25194e+33
1.19405e+11	3.77439e+22	5.81406e+21	6.25636e+33
1.19491e+11	3.77439e+22	5.81406e+21	6.26078e+33
1.19578e+11	3.77438e+22	5.81405e+21	6.26521e+33
1.19664e+11	3.77438e+22	5.81405e+21	6.26963e+33
1.1975e+11	3.77437e+22	5.81404e+21	6.27405e+33
1.19837e+11	3.77437e+22	5.81404e+21	6.27848e+33
1.19923e+11	3.77436e+22	5.81403e+21	6.2829e+33
1.2001e+11	3.77436e+22	5.81403e+21	6.28732e+33
1.20096e+11	3.77435e+22	5.81402e+21	6.29175e+33
1.20182e+11	3.77435e+22	5.81401e+21	6.29617e+33
1.20269e+11	3.77434e+22	5.81401e+21	6.3006e+33
1.20355e+11	3.77434e+22	5.814e+21	6.30502e+33
1.20442e+11	3.77433e+22	5.814e+21	6.30944e+33
1.20528e+11	3.77433e+22	5.81399e+21	6.31387e+33
1.20614e+11	3.77432e+22	5.81399e+21	6.31829e+33
1.20701e+11	3.77432e+22	5.81398e+21	6.32271e+33
1.20787e+11	3.77431e+22	5.81398e+21	6.32714e+33
1.20874e+11	3.77431e+22	5.81397e+21	6.33156e+33
1.2096e+11	3.7743e+22	5.81397e+21	6.33599e+33
1.21046e+11	3.7743e+22	5.81396e+21	6.34041e+33
1.21133e+11	3.77429e+22	5.81396e+21	6.34484e+33
1.21219e+11	3.77429e+22	5.81395e+21	6.34926e+33
1.21306e+11	3.77428e+22	5.81394e+21	6.35369e+33
1.21392e+11	3.77428e+22	5.81394e+21	6.35811e+33
1.21478e+11	3.77427e+22	5.81393e+21	6.36253e+33
1.21565e+11	3.77427e+22	5.81393e+21	6.36696e+33
1.21651e+11	3.77426e+22	5.81392e+21	6.37138e+33
1.21738e+11	3.77425e+22	5.81392e+21	6.37581e+33
1.21824e+11	3.77425e+22	5.81391e+21	6.38023e+33
1.2191e+11	3.77424e+22	5.8139e+21	6.38466e+33
1.21997e+11	3.77424e+22	5.8139e+21	6.38908e+33
1.22083e+11	3.77423e+22	5.81389e+21	6.39351e+33
1.2217e+11	3.77423e+22	5.81389e+21	6.39793e+33
1.22256e+11	3.77422e+22	5.81388e+21	6.40236e+33
1.22342e+11	3.77422e+22	5.81387e+21	6.40678e+33
1.22429e+11	3.77421e+22	5.81387e+21	6.41121e+33
1.22515e+11	3.77421e+22	5.81386e+21	6.41563e+33
1.22602e+11	3.7742e+22	5.81386e+21	6.42006e+33
1.22688e+11	3.77419e+22	5.81385e+21	6.42448e+33
1.22774e+11	3.77419e+22	5.81384e+21	6.42891e+33
1.22861e+11	3.77418e+22	5.81384e+21	6.43333e+33
1.22947e+11	3.77418e+22	5.81383e+21	6.43776e+33
1.23034e+11	3.77417e+22	5.81382e+21	6.44218e+33
1.2312e+11	3.77417e+22	5.81382e+21	6.44661e+33
1.23206e+11	3.77416e+22	5.81381e+21	6.45103e+33
1.23293e+11	3.77415e+22	5.8138e+21	6.45546e+33
1.23379e+11	3.77415e+22	5.8138e+21	6.45988e+33
1.23466e+11	3.77414e+22	5.81379e+21	6.46431e+33
1.23552e+11	3.77414e+22	5.81378e+21	6.46873e+33
1.23638e+11	3.77413e+22	5.81377e+21	6.47316e+33
1.23725e+11	3.77413e+22	5.81377e+21	6.47758e+33
1.23811e+11	3.77412e+22	5.81376e+21	6.48201e+33
1.23898e+11	3.77411e+22	5.81375e+21	6.48643e+33
1.23984e+11	3.77411e+22	5.81374e+21	6.49086e+33
1.2407e+11	3.7741e+22	5.81374e+21	6.49528e+33
1.24157e+11	3.7741e+22	5.81373e+21	6.49971e+33
1.24243e+11	3.77409e+22	5.81372e+21	6.50413e+33
1.2433e+11	3.77408e+22	5.81371e+21	6.50856e+33
1.24416e+11	3.77408e+22	5.8137e+21	6.51298e+33
1.24502e+11	3.77407e+22	5.8137e+21	6.51741e+33
1.24589e+11	3.77406e+22	5.81369e+21	6.52183e+33
1.24675e+11	3.77406e+22	5.81368e+21	6.52626e+33
1.24762e+11	3.77405e+22	5.81367e+21	6.53068e+33
1.24848e+11	3.77404e+22	5.81366e+21	6.53511e+33
1.24934e+11	3.77404e+22	5.81365e+21	6.53953e+33
1.25021e+11	3.77403e+22	5.81364e+21	6.54396e+33
1.25107e+11	3.77402e+22	5.81363e+21	6.54838e+33
1.25194e+11	3.77401e+22	5.81362e+21	6.5528e+33
1.2528e+11	3.77401e+22	5.81361e+21	6.55723e+33
1.25366e+11	3.774e+22	5.8136e+21	6.56165e+33
1.25453e+11	3.77399e+22	5.81359e+21	6.56608e+33
1.25539e+11	3.77398e+22	5.81358e+21	6.5705e+33
1.25626e+11	3.77398e+22	5.81357e+21	6.57493e+33
1.25712e+11	3.77397e+22	5.81356e+21	6.57935e+33
1.25798e+11	3.77396e+22	5.81355e+21	6.58378e+33
1.25885e+11	3.77395e+22	5.81354e+21	6.5882e+33
1.25971e+11	3.77394e+22	5.81353e+21	6.59263e+33
1.26058e+11	3.77393e+22	5.81352e+21	6.59705e+33
1.26144e+11	3.77393e+22	5.81351e+21	6.60147e+33
1.2623e+11	3.77392e+22	5.8135e+21	6.6059e+33
1.26317e+11	3.77391e+22	5.81349e+21	6.61032e+33
1.26403e+11	3.7739e+22	5.81348e+21	6.61475e+33
1.2649e+11	3.77389e+22	5.81347e+21	6.61917e+33
1.26576e+11	3.77388e+22	5.81346e+21	6.6236e+33
1.26662e+11	3.77387e+22	5.81345e+21	6.62802e+33
1.26749e+11	3.77386e+22	5.81344e+21	6.63245e+33
1.26835e+11	3.77385e+22	5.81343e+21	6.63687e+33
1.26922e+11	3.77384e+22	5.81342e+21	6.6413e+33
1.27008e+11	3.77383e+22	5.81341e+21	6.64572e+33
1.27094e+11	3.77382e+22	5.8134e+21	6.65015e+33
1.27181e+11	3.77381e+22	5.81338e+21	6.65457e+33
1.27267e+11	3.7738e+22	5.81337e+21	6.659e+33
1.27354e+11	3.77379e+22	5.81336e+21	6.66342e+33
1.2744e+11	3.77378e+22	5.81335e+21	6.66785e+33
1.27526e+11	3.77377e+22	5.81334e+21	6.67227e+33
1.27613e+11	3.77376e+22	5.81333e+21	6.6767e+33
1.27699e+11	3.77375e+22	5.81332e+21	6.68113e+33
1.27786e+11	3.77374e+22	5.81331e+21	6.68555e+33
1.27872e+11	3.77373e+22	5.8133e+21	6.68998e+33
1.27958e+11	3.77372e+22	5.81329e+21	6.6944e+33
1.28045e+11	3.77371e+22	5.81328e+21	6.69883e+33
1.28131e+11	3.77369e+22	5.81327e+21	6.70326e+33
1.28218e+11	3.77368e+22	5.81327e+21	6.70768e+33
1.28304e+11	3.77367e+22	5.81326e+21	6.71211e+33
1.2839e+11	3.77366e+22	5.81325e+21	6.71654e+33
1.28477e+11	3.77365e+22	5.81324e+21	6.72096e+33
1.28563e+11	3.77364e+22	5.81323e+21	6.72539e+33
1.2865e+11	3.77363e+22	5.81322e+21	6.72982e+33
1.28736e+11	3.77362e+22	5.81321e+21	6.73425e+33
1.28822e+11	3.77361e+22	5.8132e+21	6.73868e+33
1.28909e+11	3.7736e+22	5.81319e+21	6.7431e+33
1.28995e+11	3.77359e+22	5.81319e+21	6.74753e+33
1.29082e+11	3.77358e+22	5.81318e+21	6.75196e+33
1.29168e+11	3.77357e+22	5.81317e+21	6.75639e+33
1.29254e+11	3.77356e+22	5.81316e+21	6.76082e+33
1.29341e+11	3.77355e+22	5.81315e+21	6.76525e+33
1.29427e+11	3.77354e+22	5.81315e+21	6.76967e+33
1.29514e+11	3.77353e+22	5.81314e+21	6.7741e+33
1.296e+11	3.77352e+22	5.81313e+21	6.77853e+33
1.29686e+11	3.77351e+22	5.81312e+21	6.78296e+33
1.29773e+11	3.7735e+22	5.81312e+21	6.78739e+33
1.29859e+11	3.77349e+22	5.81311e+21	6.79182e+33
1.29946e+11	3.77348e+22	5.8131e+21	6.79625e+33
1.30032e+11	3.77347e+22	5.8131e+21	6.80068e+33
1.30118e+11	3.77346e+22	5.81309e+21	6.80511e+33
1.30205e+11	3.77345e+22	5.81308e+21	6.80954e+33
1.30291e+11	3.77344e+22	5.81308e+21	6.81397e+33
1.30378e+11	3.77343e+22	5.81307e+21	6.8184e+33
1.30464e+11	3.77342e+22	5.81306e+21	6.82283e+33
1.3055e+11	3.77341e+22	5.81306e+21	6.82726e+33
1.30637e+11	3.7734e+22	5.81305e+21	6.83169e+33
1.30723e+11	3.7734e+22	5.81304e+21	6.83612e+33
1.3081e+11	3.77339e+22	5.81304e+21	6.84055e+33
1.30896e+11	3.77338e+22	5.81303e+21	6.84498e+33
1.30982e+11	3.77337e+22	5.81302e+21	6.84942e+33
1.31069e+11	3.77336e+22	5.81302e+21	6.85385e+33
1.31155e+11	3.77335e+22	5.81301e+21	6.85828e+33
1.31242e+11	3.77334e+22	5.81301e+21	6.86271e+33
1.31328e+11	3.77334e+22	5.813e+21	6.86714e+33
1.31414e+11	3.77333e+22	5.813e+21	6.87157e+33
1.31501e+11	3.77332e+22	5.81299e+21	6.876e+33
1.31587e+11	3.77331e+22	5.81298e+21	6.88044e+33
1.31674e+11	3.7733e+22	5.81298e+21	6.88487e+33
1.3176e+11	3.7733e+22	5.81297e+21	6.8893e+33
1.31846e+11	3.77329e+22	5.81297e+21	6.89373e+33
1.31933e+11	3.77328e+22	5.81296e+21	6.89816e+33
1.32019e+11	3.77327e+22	5.81296e+21	6.9026e+33
1.32106e+11	3.77326e+22	5.81295e+21	6.90703e+33
1.32192e+11	3.77326e+22	5.81295e+21	6.91146e+33
1.32278e+11	3.77325e+22	5.81294e+21	6.91589e+33
1.32365e+11	3.77324e+22	5.81293e+21	6.92033e+33
1.32451e+11	3.77323e+22	5.81293e+21	6.92476e+33
1.32538e+11	3.77323e+22	5.81292e+21	6.92919e+33
1.32624e+11	3.77322e+22	5.81292e+21	6.93363e+33
1.3271e+11	3.77321e+22	5.81291e+21	6.93806e+33
1.32797e+11	3.7732e+22	5.81291e+21	6.94249e+33
1.32883e+11	3.7732e+22	5.8129e+21	6.94693e+33
1.3297e+11	3.77319e+22	5.8129e+21	6.95136e+33
1.33056e+11	3.77318e+22	5.81289e+21	6.95579e+33
1.33142e+11	3.77318e+22	5.81289e+21	6.96023e+33
1.33229e+11	3.77317e+22	5.81289e+21	6.96466e+33
1.33315e+11	3.77316e+22	5.81288e+21	6.96909e+33
1.33402e+11	3.77316e+22	5.81288e+21	6.97353e+33
1.33488e+11	3.77315e+22	5.81287e+21	6.97796e+33
1.33574e+11	3.77314e+22	5.81287e+21	6.9824e+33
1.33661e+11	3.77314e+22	5.81286e+21	6.98683e+33
1.33747e+11	3.77313e+22	5.81286e+21	6.99126e+33
1.33834e+11	3.77312e+22	5.81285e+21	6.9957e+33
1.3392e+11	3.77312e+22	5.81285e+21	7.00013e+33
1.34006e+11	3.77311e+22	5.81284e+21	7.00457e+33
1.34093e+11	3.7731e+22	5.81284e+21	7.009e+33
1.34179e+11	3.7731e+22	5.81284e+21	7.01344e+33
1.34266e+11	3.77309e+22	5.81283e+21	7.01787e+33
1.34352e+11	3.77308e+22	5.81283e+21	7.02231e+33
1.34438e+11	3.77308e+22	5.81282e+21	7.02674e+33
1.34525e+11	3.77307e+22	5.81282e+21	7.03118e+33
1.34611e+11	3.77307e+22	5.81282e+21	7.03561e+33
1.34698e+11	3.77306e+22	5.81281e+21	7.04005e+33
1.34784e+11	3.77305e+22	5.81281e+21	7.04448e+33
1.3487e+11	3.77305e+22	5.8128e+21	7.04892e+33
1.34957e+11	3.77304e+22	5.8128e+21	7.05335e+33
1.35043e+11	3.77304e+22	5.8128e+21	7.05779e+33
1.3513e+11	3.77303e+22	5.81279e+21	7.06222e+33
1.35216e+11	3.77303e+22	5.81279e+21	7.06666e+33
1.35302e+11	3.77302e+22	5.81278e+21	7.0711e+33
1.35389e+11	3.77302e+22	5.81278e+21	7.07553e+33
1.35475e+11	3.77301e+22	5.81278e+21	7.07997e+33
1.35562e+11	3.773e+22	5.81277e+21	7.0844e+33
1.35648e+11	3.773e+22	5.81277e+21	7.08884e+33
1.35734e+11	3.77299e+22	5.81277e+21	7.09328e+33
1.35821e+11	3.77299e+22	5.81276e+21	7.09771e+33
1.35907e+11	3.77298e+22	5.81276e+21	7.10215e+33
1.35994e+11	3.77298e+22	5.81276e+21	7.10659e+33
1.3608e+11	3.77297e+22	5.81275e+21	7.11102e+33
1.36166e+11	3.77297e+22	5.81275e+21	7.11546e+33
1.36253e+11	3.77296e+22	5.81275e+21	7.1199e+33
1.36339e+11	3.77296e+22	5.81274e+21	7.12433e+33
1.36426e+11	3.77295e+22	5.81274e+21	7.12877e+33
1.36512e+11	3.77295e+22	5.81274e+21	7.13321e+33
1.36598e+11	3.77295e+22	5.81274e+21	7.13765e+33
1.36685e+11	3.77294e+22	5.81273e+21	7.14208e+33
1.36771e+11	3.77294e+22	5.81273e+21	7.14652e+33
1.36858e+11	3.77293e+22	5.81273e+21	7.15096e+33
1.36944e+11	3.77293e+22	5.81272e+21	7.1554e+33
1.3703e+11	3.77292e+22	5.81272e+21	7.15984e+33
1.37117e+11	3.77292e+22	5.81272e+21	7.16427e+33
1.37203e+11	3.77292e+22	5.81272e+21	7.16871e+33
1.3729e+11	3.77291e+22	5.81272e+21	7.17315e+33
1.37376e+11	3.77291e+22	5.81271e+21	7.17759e+33
1.37462e+11	3.7729e+22	5.81271e+21	7.18203e+33
1.37549e+11	3.7729e+22	5.81271e+21	7.18647e+33
1.37635e+11	3.7729e+22	5.81271e+21	7.19091e+33
1.37722e+11	3.77289e+22	5.81271e+21	7.19534e+33
1.37808e+11	3.77289e+22	5.8127e+21	7.19978e+33
1.37894e+11	3.77289e+22	5.8127e+21	7.20422e+33
1.37981e+11	3.77288e+22	5.8127e+21	7.20866e+33
1.38067e+11	3.77288e+22	5.8127e+21	7.2131e+33
1.38154e+11	3.77288e+22	5.8127e+21	7.21754e+33
1.3824e+11	3.77287e+22	5.8127e+21	7.22198e+33
1.38326e+11	3.77287e+22	5.8127e+21	7.22642e+33
1.38413e+11	3.77287e+22	5.8127e+21	7.23086e+33
1.38499e+11	3.77287e+22	5.81269e+21	7.2353e+33
1.38586e+11	3.77286e+22	5.81269e+21	7.23974e+33
1.38672e+11	3.77286e+22	5.81269e+21	7.24418e+33
1.38758e+11	3.77286e+22	5.81269e+21	7.24863e+33
1.38845e+11	3.77286e+22	5.81269e+21	7.25307e+33
1.38931e+11	3.77286e+22	5.81269e+21	7.25751e+33
1.39018e+11	3.77285e+22	5.81269e+21	7.26195e+33
1.39104e+11	3.77285e+22	5.81269e+21	7.26639e+33
1.3919e+11	3.77285e+22	5.81269e+21	7.27083e+33
1.39277e+11	3.77285e+22	5.81269e+21	7.27528e+33
1.39363e+11	3.77285e+22	5.8127e+21	7.27972e+33
1.3945e+11	3.77285e+22	5.8127e+21	7.28416e+33
1.39536e+11	3.77285e+22	5.8127e+21	7.2886e+33
1.39622e+11	3.77285e+22	5.8127e+21	7.29305e+33
1.39709e+11	3.77285e+22	5.8127e+21	7.29749e+33
1.39795e+11	3.77285e+22	5.8127e+21	7.30193e+33
1.39882e+11	3.77285e+22	5.81271e+21	7.30638e+33
1.39968e+11	3.77285e+22	5.81271e+21	7.31082e+33
1.40054e+11	3.77285e+22	5.81271e+21	7.31527e+33
1.40141e+11	3.77285e+22	5.81271e+21	7.31971e+33
1.40227e+11	3.77285e+22	5.81272e+21	7.32415e+33
1.40314e+11	3.77285e+22	5.81272e+21	7.3286e+33
1.404e+11	3.77285e+22	5.81272e+21	7.33305e+33
1.40486e+11	3.77285e+22	5.81273e+21	7.33749e+33
1.40573e+11	3.77285e+22	5.81273e+21	7.34194e+33
1.40659e+11	3.77285e+22	5.81274e+21	7.34638e+33
1.40746e+11	3.77286e+22	5.81274e+21	7.35083e+33
1.40832e+11	3.77286e+22	5.81275e+21	7.35528e+33
1.40918e+11	3.77286e+22	5.81275e+21	7.35972e+33
1.41005e+11	3.77286e+22	5.81276e+21	7.36417e+33
1.41091e+11	3.77286e+22	5.81276e+21	7.36862e+33
1.41178e+11	3.77287e+22	5.81277e+21	7.37307e+33
1.41264e+11	3.77287e+22	5.81278e+21	7.37752e+33
1.4135e+11	3.77287e+22	5.81278e+21	7.38197e+33
1.41437e+11	3.77288e+22	5.81279e+21	7.38641e+33
1.41523e+11	3.77288e+22	5.8128e+21	7.39086e+33
1.4161e+11	3.77289e+22	5.81281e+21	7.39531e+33
1.41696e+11	3.77289e+22	5.81281e+21	7.39976e+33
1.41782e+11	3.77289e+22	5.81282e+21	7.40421e+33
1.41869e+11	3.7729e+22	5.81283e+21	7.40866e+33
1.41955e+11	3.7729e+22	5.81284e+21	7.41311e+33
1.42042e+11	3.77291e+22	5.81285e+21	7.41757e+33
1.42128e+11	3.77291e+22	5.81286e+21	7.42202e+33
1.42214e+11	3.77291e+22	5.81287e+21	7.42647e+33
1.42301e+11	3.77292e+22	5.81288e+21	7.43092e+33
1.42387e+11	3.77292e+22	5.81288e+21	7.43537e+33
1.42474e+11	3.77292e+22	5.81289e+21	7.43982e+33
1.4256e+11	3.77293e+22	5.8129e+21	7.44427e+33
1.42646e+11	3.77293e+22	5.81291e+21	7.44872e+33
1.42733e+11	3.77293e+22	5.81292e+21	7.45317e+33
1.42819e+11	3.77294e+22	5.81293e+21	7.45762e+33
1.42906e+11	3.77294e+22	5.81293e+21	7.46208e+33
1.42992e+11	3.77294e+22	5.81294e+21	7.46653e+33
1.43078e+11	3.77294e+22	5.81295e+21	7.47098e+33
1.43165e+11	3.77294e+22	5.81295e+21	7.47542e+33
1.43251e+11	3.77294e+22	5.81296e+21	7.47987e+33
1.43338e+11	3.77294e+22	5.81296e+21	7.48432e+33
1.43424e+11	3.77294e+22	5.81297e+21	7.48877e+33
1.4351e+11	3.77294e+22	5.81297e+21	7.49322e+33
1.43597e+11	3.77294e+22	5.81297e+21	7.49766e+33
1.43683e+11	3.77293e+22	5.81298e+21	7.50211e+33
1.4377e+11	3.77293e+22	5.81298e+21	7.50656e+33
1.43856e+11	3.77293e+22	5.81298e+21	7.511e+33
1.43942e+11	3.77292e+22	5.81298e+21	7.51545e+33
1.44029e+11	3.77292e+22	5.81298e+21	7.51989e+33
1.44115e+11	3.77291e+22	5.81297e+21	7.52433e+33
1.44202e+11	3.77291e+22	5.81297e+21	7.52878e+33
1.44288e+11	3.7729e+22	5.81297e+21	7.53322e+33
1.44374e+11	3.77289e+22	5.81297e+21	7.53766e+33
1.44461e+11	3.77289e+22	5.81296e+21	7.5421e+33
1.44547e+11	3.77288e+22	5.81296e+21	7.54655e+33
1.44634e+11	3.77287e+22	5.81295e+21	7.55099e+33
1.4472e+11	3.77286e+22	5.81295e+21	7.55543e+33
1.44806e+11	3.77285e+22	5.81294e+21	7.55987e+33
1.44893e+11	3.77284e+22	5.81293e+21	7.56431e+33
1.44979e+11	3.77283e+22	5.81293e+21	7.56875e+33
1.45066e+11	3.77283e+22	5.81292e+21	7.57319e+33
1.45152e+11	3.77282e+22	5.81291e+21	7.57763e+33
1.45238e+11	3.77281e+22	5.81291e+21	7.58207e+33
1.45325e+11	3.7728e+22	5.8129e+21	7.58651e+33
1.45411e+11	3.77279e+22	5.81289e+21	7.59095e+33
1.45498e+11	3.77278e+22	5.81288e+21	7.59539e+33
1.45584e+11	3.77277e+22	5.81288e+21	7.59982e+33
1.4567e+11	3.77276e+22	5.81287e+21	7.60426e+33
1.45757e+11	3.77275e+22	5.81286e+21	7.6087e+33
1.45843e+11	3.77274e+22	5.81285e+21	7.61314e+33
1.4593e+11	3.77273e+22	5.81284e+21	7.61758e+33
1.46016e+11	3.77272e+22	5.81283e+21	7.62202e+33
1.46102e+11	3.77271e+22	5.81283e+21	7.62646e+33
1.46189e+11	3.7727e+22	5.81282e+21	7.6309e+33
1.46275e+11	3.77269e+22	5.81281e+21	7.63534e+33
1.46362e+11	3.77268e+22	5.8128e+21	7.63978e+33
1.46448e+11	3.77267e+22	5.81279e+21	7.64422e+33
1.46534e+11	3.77266e+22	5.81278e+21	7.64865e+33
1.46621e+11	3.77265e+22	5.81277e+21	7.65309e+33
1.46707e+11	3.77264e+22	5.81277e+21	7.65753e+33
1.46794e+11	3.77263e+22	5.81276e+21	7.66197e+33
1.4688e+11	3.77262e+22	5.81275e+21	7.66641e+33
1.46966e+11	3.77261e+22	5.81274e+21	7.67085e+33
1.47053e+11	3.7726e+22	5.81273e+21	7.67529e+33
1.47139e+11	3.77259e+22	5.81272e+21	7.67973e+33
1.47226e+11	3.77258e+22	5.81272e+21	7.68417e+33
1.47312e+11	3.77257e+22	5.81271e+21	7.68861e+33
1.47398e+11	3.77257e+22	5.8127e+21	7.69305e+33
1.47485e+11	3.77256e+22	5.81269e+21	7.69749e+33
1.47571e+11	3.77255e+22	5.81268e+21	7.70193e+33
1.47658e+11	3.77254e+22	5.81268e+21	7.70637e+33
1.47744e+11	3.77253e+22	5.81267e+21	7.71081e+33
1.4783e+11	3.77252e+22	5.81266e+21	7.71525e+33
1.47917e+11	3.77251e+22	5.81265e+21	7.7197e+33
1.48003e+11	3.7725e+22	5.81265e+21	7.72414e+33
1.4809e+11	3.7725e+22	5.81264e+21	7.72858e+33
1.48176e+11	3.77249e+22	5.81263e+21	7.73302e+33
1.48262e+11	3.77248e+22	5.81262e+21	7.73746e+33
1.48349e+11	3.77247e+22	5.81262e+21	7.7419e+33
1.48435e+11	3.77246e+22	5.81261e+21	7.74634e+33
1.48522e+11	3.77246e+22	5.8126e+21	7.75078e+33
1.48608e+11	3.77245e+22	5.8126e+21	7.75523e+33
1.48694e+11	3.77244e+22	5.81259e+21	7.75967e+33
1.48781e+11	3.77243e+22	5.81258e+21	7.76411e+33
1.48867e+11	3.77242e+22	5.81257e+21	7.76855e+33
1.48954e+11	3.77242e+22	5.81257e+21	7.77299e+33
1.4904e+11	3.77241e+22	5.81256e+21	7.77744e+33
1.49126e+11	3.7724e+22	5.81255e+21	7.78188e+33
1.49213e+11	3.77239e+22	5.81255e+21	7.78632e+33
1.49299e+11	3.77239e+22	5.81254e+21	7.79076e+33
1.49386e+11	3.77238e+22	5.81253e+21	7.7952e+33
1.49472e+11	3.77237e+22	5.81253e+21	7.79965e+33
1.49558e+11	3.77236e+22	5.81252e+21	7.80409e+33
1.49645e+11	3.77236e+22	5.81251e+21	7.80853e+33
1.49731e+11	3.77235e+22	5.81251e+21	7.81298e+33
1.49818e+11	3.77234e+22	5.8125e+21	7.81742e+33
1.49904e+11	3.77234e+22	5.8125e+21	7.82186e+33
1.4999e+11	3.77233e+22	5.81249e+21	7.8263e+33
1.50077e+11	3.77232e+22	5.81248e+21	7.83075e+33
1.50163e+11	3.77231e+22	5.81248e+21	7.83519e+33
1.5025e+11	3.77231e+22	5.81247e+21	7.83963e+33
1.50336e+11	3.7723e+22	5.81246e+21	7.84408e+33
1.50422e+11	3.77229e+22	5.81246e+21	7.84852e+33
1.50509e+11	3.77229e+22	5.81245e+21	7.85297e+33
1.50595e+11	3.77228e+22	5.81245e+21	7.85741e+33
1.50682e+11	3.77227e+22	5.81244e+21	7.86185e+33
1.50768e+11	3.77227e+22	5.81243e+21	7.8663e+33
1.50854e+11	3.77226e+22	5.81243e+21	7.87074e+33
1.50941e+11	3.77225e+22	5.81242e+21	7.87519e+33
1.51027e+11	3.77225e+22	5.81242e+21	7.87963e+33
1.51114e+11	3.77224e+22	5.81241e+21	7.88407e+33
1.512e+11	3.77223e+22	5.81241e+21	7.88852e+33
1.51286e+11	3.77223e+22	5.8124e+21	7.89296e+33
1.51373e+11	3.77222e+22	5.81239e+21	7.89741e+33
1.51459e+11	3.77221e+22	5.81239e+21	7.90185e+33
1.51546e+11	3.77221e+22	5.81238e+21	7.9063e+33
1.51632e+11	3.7722e+22	5.81238e+21	7.91074e+33
1.51718e+11	3.7722e+22	5.81237e+21	7.91519e+33
1.51805e+11	3.77219e+22	5.81237e+21	7.91963e+33
1.51891e+11	3.77218e+22	5.81236e+21	7.92408e+33
1.51978e+11	3.77218e+22	5.81236e+21	7.92852e+33
1.52064e+11	3.77217e+22	5.81235e+21	7.93297e+33
1.5215e+11	3.77216e+22	5.81235e+21	7.93741e+33
1.52237e+11	3.77216e+22	5.81234e+21	7.94186e+33
1.52323e+11	3.77215e+22	5.81234e+21	7.9463e+33
1.5241e+11	3.77215e+22	5.81233e+21	7.95075e+33
1.52496e+11	3.77214e+22	5.81232e+21	7.95519e+33
1.52582e+11	3.77213e+22	5.81232e+21	7.95964e+33
1.52669e+11	3.77213e+22	5.81231e+21	7.96408e+33
1.52755e+11	3.77212e+22	5.81231e+21	7.96853e+33
1.52842e+11	3.77212e+22	5.8123e+21	7.97298e+33
1.52928e+11	3.77211e+22	5.8123e+21	7.97742e+33
1.53014e+11	3.77211e+22	5.81229e+21	7.98187e+33
1.53101e+11	3.7721e+22	5.81229e+21	7.98631e+33
1.53187e+11	3.77209e+22	5.81228e+21	7.99076e+33
1.53274e+11	3.77209e+22	5.81228e+21	7.99521e+33
1.5336e+11	3.77208e+22	5.81227e+21	7.99965e+33
1.53446e+11	3.77208e+22	5.81227e+21	8.0041e+33
1.53533e+11	3.77207e+22	5.81226e+21	8.00854e+33
1.53619e+11	3.77207e+22	5.81226e+21	8.01299e+33
1.53706e+11	3.77206e+22	5.81225e+21	8.01744e+33
1.53792e+11	3.77205e+22	5.81225e+21	8.02188e+33
1.53878e+11	3.77205e+22	5.81224e+21	8.02633e+33
1.53965e+11	3.77204e+22	5.81224e+21	8.03078e+33
1.54051e+11	3.77204e+22	5.81223e+21	8.03522e+33
1.54138e+11	3.77203e+22	5.81223e+21	8.03967e+33
1.54224e+11	3.77203e+22	5.81223e+21	8.04412e+33
1.5431e+11	3.77202e+22	5.81222e+21	8.04856e+33
1.54397e+11	3.77201e+22	5.81222e+21	8.05301e+33
1.54483e+11	3.77201e+22	5.81221e+21	8.05746e+33
1.5457e+11	3.772e+22	5.81221e+21	8.06191e+33
1.54656e+11	3.772e+22	5.8122e+21	8.06635e+33
1.54742e+11	3.77199e+22	5.8122e+21	8.0708e+33
1.54829e+11	3.77199e+22	5.81219e+21	8.07525e+33
1.54915e+11	3.77198e+22	5.81219e+21	8.07969e+33
1.55002e+11	3.77198e+22	5.81218e+21	8.08414e+33
1.55088e+11	3.77197e+22	5.81218e+21	8.08859e+33
1.55174e+11	3.77197e+22	5.81217e+21	8.09304e+33
1.55261e+11	3.77196e+22	5.81217e+21	8.09748e+33
1.55347e+11	3.77196e+22	5.81216e+21	8.10193e+33
1.55434e+11	3.77195e+22	5.81216e+21	8.10638e+33
1.5552e+11	3.77195e+22	5.81216e+21	8.11083e+33
1.55606e+11	3.77194e+22	5.81215e+21	8.11528e+33
1.55693e+11	3.77193e+22	5.81215e+21	8.11972e+33
1.55779e+11	3.77193e+22	5.81214e+21	8.12417e+33
1.55866e+11	3.77192e+22	5.81214e+21	8.12862e+33
1.55952e+11	3.77192e+22	5.81213e+21	8.13307e+33
1.56038e+11	3.77191e+22	5.81213e+21	8.13752e+33
1.56125e+11	3.77191e+22	5.81212e+21	8.14197e+33
1.56211e+11	3.7719e+22	5.81212e+21	8.14641e+33
1.56298e+11	3.7719e+22	5.81212e+21	8.15086e+33
1.56384e+11	3.77189e+22	5.81211e+21	8.15531e+33
1.5647e+11	3.77189e+22	5.81211e+21	8.15976e+33
1.56557e+11	3.77188e+22	5.8121e+21	8.16421e+33
1.56643e+11	3.77188e+22	5.8121e+21	8.16866e+33
1.5673e+11	3.77187e+22	5.81209e+21	8.1731e+33
1.56816e+11	3.77187e+22	5.81209e+21	8.17755e+33
1.56902e+11	3.77186e+22	5.81209e+21	8.182e+33
1.56989e+11	3.77186e+22	5.81208e+21	8.18645e+33
1.57075e+11	3.77185e+22	5.81208e+21	8.1909e+33
1.57162e+11	3.77185e+22	5.81207e+21	8.19535e+33
1.57248e+11	3.77184e+22	5.81207e+21	8.1998e+33
1.57334e+11	3.77184e+22	5.81206e+21	8.20425e+33
1.57421e+11	3.77183e+22	5.81206e+21	8.2087e+33
1.57507e+11	3.77183e+22	5.81206e+21	8.21315e+33
1.57594e+11	3.77182e+22	5.81205e+21	8.2176e+33
1.5768e+11	3.77182e+22	5.81205e+21	8.22204e+33
